936
883
855
842
782
687
645
571
569
557
516
512
407
389
379
366
364
360
353
341
335
285
280
276
272
262
240
212
210
198
194
189
185
170
169
166
166
163
160
156
154
153
151
148
138
132
130
127
126
125
124
122
122
119
118
117
117
115
114
113
113
113
112
112
108
96
95
95
94
93
84
82
80
78
76
74
74
68
65
64
63
62
59
58
53
52
51
51
51
51
50
49
49
48
46
46
44
42
40
40
38
38
36
34
32
29
29
29
28
28
27
26
25
24
23
23
23
23
22
22
21
19
18
18
17
16
16
16
16
15
15
15
15
14
14
13
13
12
11
11
11
11
11
11
11
10
10
10
10
10
10
9
9
9
8
8
8
8
7
7
7
7
7
7
7
6
6
6
6
6
6
6
6
6
6
6
6
5
5
5
5
5
5
5
5
5
5
5
5
4
4
4
4
4
4
4
4
4
4
4
4
3
3
3
3
3
3
3
3
3
3
3
3
3
3
3
3
3
3
3
3
3
3
3
3
2
2
2
2
2
2
2
2
2
2
2
2
2
2
2
2
2
2
2
2
2
2
2
2
2
2
2
2
2
2
2
2
2
2
2
2
2
2
2
2
1
1
1
1
1
1
1
1
1
1
1
1
1
1
1
1
1
1
1
1
1
1
1
1
1
1
1
1
1
1
1
1
1
1
1
1
1
1
1
1
1
1
1
1
1
1
1
1
1
1
1
1
1
1
1
1
1
1
1
1
1
1
1
1
1
1
1
1
1
1
1
1
1
1
1
1
1
1
1
1
