0 233 3
0 1683 3
2 57 3
2 293 9
2 480 4
2 1599 16
3 906 2
3 1972 2
4 274 11
4 1077 7
4 1868 8
9 718 9
11 360 5
11 1135 6
12 1644 8
13 233 3
15 65 2
15 1138 4
15 1525 2
16 1553 5
19 128 2
20 0 6
20 233 3
20 1683 3
22 1978 2
22 2035 7
24 57 4
26 421 5
26 1341 8
26 1546 7
26 1936 4
27 91 6
30 394 9
30 699 6
30 1223 3
30 1401 3
30 1940 3
31 801 2
32 601 2
33 601 2
33 657 4
33 1024 4
35 105 3
35 168 3
35 637 3
35 678 3
35 1087 5
35 1276 2
35 1699 5
36 638 3
37 871 3
37 1199 2
38 165 3
38 249 14
40 1780 5
41 189 7
41 1152 6
42 589 2
43 1287 8
46 263 3
46 393 2
46 452 5
46 590 5
46 688 5
46 722 2
46 739 3
46 923 3
46 955 6
46 1027 3
46 1029 5
46 1056 6
46 1238 2
46 1363 6
46 1437 3
46 1618 2
46 1729 4
46 1771 7
46 1928 2
46 2005 6
46 2091 2
46 2141 2
48 343 4
48 404 7
49 316 5
49 2044 3
51 233 3
51 241 11
51 427 3
51 742 14
51 823 2
51 930 6
51 1172 2
51 1805 2
53 1005 13
53 1096 4
53 1136 5
53 1191 2
53 1276 2
53 1360 2
53 1972 2
53 1976 3
53 1978 2
55 771 6
57 4 2
57 8 2
57 14 3
57 92 3
57 163 2
57 171 8
57 210 2
57 233 2
57 236 2
57 276 2
57 302 2
57 322 2
57 342 2
57 406 2
57 409 9
57 481 3
57 530 4
57 569 4
57 640 2
57 660 2
57 741 2
57 803 2
57 823 4
57 849 2
57 932 2
57 988 21
57 1040 2
57 1082 2
57 1121 2
57 1142 2
57 1179 3
57 1238 2
57 1321 2
57 1390 2
57 1463 2
57 1485 6
57 1507 2
57 1509 4
57 1618 2
57 1706 3
57 1736 2
57 1780 6
57 1794 2
57 1799 2
57 1839 2
57 1852 4
57 1924 2
57 1948 6
57 1998 2
57 2107 2
57 2141 2
57 2180 2
59 308 8
59 956 7
60 587 6
60 1371 2
61 30 3
61 301 2
61 394 3
61 1007 12
61 1514 7
62 321 3
62 1323 3
62 1932 3
63 246 5
63 299 6
63 777 3
63 1021 7
65 1699 2
66 516 5
66 615 2
66 915 5
68 30 2
68 133 7
68 236 2
68 245 2
68 255 2
68 415 2
68 488 9
68 585 2
68 637 6
68 646 6
68 657 2
68 660 2
68 722 2
68 803 2
68 950 2
68 1229 7
68 1237 11
68 1238 2
68 1308 2
68 1673 2
68 1736 2
68 1762 2
68 1998 2
68 2094 2
68 2133 8
68 2141 2
70 165 5
70 1062 3
70 1662 3
71 1080 15
72 240 3
72 464 4
72 505 2
72 640 2
72 650 2
72 798 2
72 1664 14
72 1666 5
75 1505 7
75 1869 5
76 497 3
76 513 4
77 588 3
77 672 4
77 1852 11
79 159 7
79 340 4
79 1136 6
79 1213 5
79 1760 5
81 396 2
81 1626 2
82 110 3
82 186 4
82 222 5
82 606 5
82 613 3
82 622 4
82 790 4
82 1044 4
82 1090 4
82 1175 2
82 1235 4
82 1347 4
82 1502 5
82 1543 3
82 1681 2
82 1768 7
82 1823 4
82 2152 4
82 2176 4
82 2183 4
83 1054 3
83 1605 2
84 1711 3
85 1627 2
88 1395 2
90 97 2
92 21 3
92 455 3
92 1648 2
93 920 6
95 1537 3
97 219 3
97 236 2
97 263 4
97 327 4
97 425 3
97 469 4
97 522 4
97 637 2
97 654 2
97 775 3
97 782 2
97 889 3
97 1027 7
97 1177 4
97 1228 4
97 1434 3
97 1601 4
97 1669 3
97 1762 2
97 1875 4
97 1888 4
97 1918 3
97 2069 3
99 95 2
99 398 3
99 1537 3
99 2145 2
99 2188 6
100 63 8
100 246 5
100 299 7
100 688 9
100 777 3
100 917 2
100 1021 6
100 1363 7
101 561 2
102 453 12
105 7 2
105 146 10
105 368 4
105 474 6
105 678 6
105 707 3
105 929 2
105 1340 5
105 1374 4
105 1401 2
105 1570 3
105 1673 2
105 1687 4
105 1699 8
105 1705 2
105 1852 3
105 2057 3
108 652 8
108 1475 4
108 1804 4
109 2013 6
110 200 3
110 295 3
110 477 2
110 622 3
110 1044 3
110 1821 6
110 1947 3
110 2152 3
110 2176 3
111 354 3
111 689 5
111 1134 7
111 1402 4
111 1662 13
111 1700 5
111 1882 4
112 761 11
113 579 2
114 187 18
114 1719 14
115 108 7
115 134 4
115 237 10
115 255 8
115 652 6
115 925 6
115 1222 6
115 1250 10
115 1475 9
115 1804 8
115 1925 7
115 2053 8
115 2068 8
117 601 2
120 111 5
120 951 2
120 1351 5
120 1662 6
120 1700 7
121 1508 2
122 193 7
122 1566 8
123 595 5
123 733 5
123 1762 2
123 1961 11
124 45 4
126 164 4
126 664 4
126 1297 10
126 2189 2
127 53 7
127 79 14
127 159 10
127 218 5
127 267 2
127 319 6
127 358 6
127 428 6
127 532 4
127 752 10
127 842 9
127 870 3
127 888 3
127 964 8
127 1005 5
127 1007 7
127 1038 5
127 1122 6
127 1160 13
127 1191 6
127 1276 6
127 1518 5
127 1731 7
127 1760 9
127 1909 10
127 1989 6
127 2096 28
129 1594 2
130 1113 3
131 734 6
131 2166 5
133 25 2
133 35 3
133 97 3
133 236 3
133 245 3
133 344 2
133 368 4
133 403 5
133 415 4
133 453 4
133 496 10
133 637 10
133 646 7
133 668 4
133 699 4
133 929 10
133 955 2
133 961 6
133 1048 2
133 1191 2
133 1212 2
133 1242 7
133 1293 3
133 1401 4
133 1422 3
133 1427 2
133 1570 6
133 1617 2
133 1618 2
133 1634 2
133 1714 2
133 1762 2
133 1783 3
133 1789 3
133 1841 2
133 1866 2
133 1978 2
133 2190 3
135 877 3
136 14 2
136 171 2
136 461 3
136 530 2
136 1744 2
136 1948 2
139 678 2
141 2113 6
143 500 2
143 711 3
143 738 3
143 739 4
143 977 2
143 1010 11
143 1162 3
143 1609 5
143 1832 6
143 2080 3
143 2132 3
145 1303 8
146 294 2
146 403 9
146 474 8
146 678 8
146 961 6
146 1548 14
146 1687 4
146 1699 12
146 1852 4
147 6 4
147 769 8
147 1118 3
147 1387 5
148 1010 3
149 397 3
150 381 2
151 492 2
151 2107 2
152 948 9
152 1001 5
152 1695 7
153 967 2
158 133 3
158 783 3
158 932 4
158 1129 3
158 1206 4
158 1212 2
158 1859 4
158 2079 2
159 340 3
159 1213 4
159 1248 4
159 1760 5
160 572 6
160 876 10
160 1492 8
160 1688 8
161 516 2
161 601 2
161 2025 4
162 69 12
163 1158 2
163 1369 3
163 1783 2
164 629 3
164 1276 2
164 1699 2
165 144 5
165 249 3
165 289 2
165 429 2
165 583 2
165 805 4
165 1279 3
165 1550 9
165 1801 3
165 1997 3
165 2155 3
168 46 13
168 201 3
168 452 7
168 860 2
168 1056 6
168 1250 3
168 1274 29
168 1531 4
168 1687 5
173 417 7
173 1149 4
175 2027 6
176 80 3
176 266 2
176 636 2
176 862 2
176 1628 2
177 225 3
177 1287 2
177 2070 2
178 1040 2
182 106 7
183 236 2
185 1368 4
186 622 2
186 1429 2
187 192 8
187 523 10
187 1209 2
187 1719 21
187 1856 3
188 898 2
190 197 8
190 642 3
190 741 2
190 1037 10
191 1188 2
193 19 9
193 142 3
193 206 3
193 364 4
193 376 4
193 544 5
193 564 5
193 686 2
193 818 7
193 1152 14
193 1451 2
193 1476 8
193 1625 2
193 1723 2
193 1769 10
193 1785 7
193 1864 6
194 126 2
194 164 8
194 993 5
194 1297 4
194 1523 2
194 1587 4
194 1667 7
194 1790 4
196 393 2
197 642 3
197 1037 6
197 2084 4
199 88 2
199 959 15
199 1357 2
199 2079 9
202 2151 7
204 1571 2
206 1444 2
206 2150 3
207 2184 2
209 113 2
209 728 2
209 1337 15
213 1375 2
214 848 15
215 1628 2
217 1451 6
218 392 2
218 1213 2
220 984 4
221 537 4
221 1777 2
221 1915 2
222 110 3
222 295 4
222 352 3
222 479 3
222 613 3
222 622 4
222 790 8
222 984 3
222 1090 2
222 1347 2
222 1429 2
222 1543 2
222 1681 2
222 1821 4
222 2127 5
222 2176 3
222 2183 3
223 566 2
223 946 3
223 971 2
225 971 3
226 390 4
226 526 2
226 910 2
228 1008 2
228 1205 5
229 483 2
230 319 3
230 801 4
230 1136 3
231 57 7
233 3 2
233 24 3
233 97 2
233 236 2
233 286 2
233 302 4
233 309 3
233 481 3
233 524 2
233 602 4
233 660 3
233 676 4
233 823 2
233 860 2
233 987 2
233 1007 3
233 1027 3
233 1029 2
233 1082 3
233 1199 5
233 1333 2
233 1500 2
233 1536 2
233 1657 3
233 1666 3
233 1683 2
233 1699 2
233 1701 3
233 1736 2
233 1771 2
233 1867 4
233 1978 2
233 1998 3
233 2122 5
233 2164 2
235 108 2
235 115 11
235 134 6
235 270 6
235 652 5
235 925 3
235 1076 5
235 1222 11
235 1250 8
235 1327 3
235 1475 5
235 1576 2
235 1804 11
235 1956 9
235 2053 9
235 2068 7
235 2142 2
236 302 5
236 322 4
236 332 5
236 474 2
236 1039 4
236 1121 3
236 1736 5
237 108 5
237 134 6
237 235 20
237 270 5
237 1076 3
237 1222 14
237 1250 6
237 1327 4
237 1804 11
237 1925 17
237 2053 5
237 2068 6
238 53 3
238 218 4
238 319 3
238 358 3
238 496 2
238 630 2
238 856 3
238 964 3
238 1122 5
238 1138 4
238 1160 4
238 1275 3
238 1382 3
238 1972 2
241 23 2
241 28 5
241 211 3
241 569 8
241 1655 16
241 1805 3
243 82 7
243 110 11
243 200 3
243 222 10
243 266 2
243 295 3
243 337 2
243 479 3
243 622 5
243 790 3
243 984 5
243 1009 2
243 1090 2
243 1102 8
243 1261 3
243 1347 2
243 1502 2
243 1543 5
243 1821 6
243 1823 6
243 1947 3
243 2002 2
243 2152 3
243 2176 4
244 1764 7
245 97 2
245 236 2
245 263 2
245 393 2
245 415 2
245 473 2
245 611 2
245 637 2
245 860 2
245 948 2
245 1189 2
245 1238 2
245 1780 2
245 2190 2
246 2005 6
248 232 3
248 1934 3
248 1939 4
248 1943 2
249 805 2
249 1662 3
249 1801 6
250 966 5
250 1030 2
250 1735 6
251 608 7
252 238 2
254 92 7
254 634 5
254 671 10
254 758 3
254 1505 7
254 1648 4
254 1869 10
254 2048 4
255 108 2
255 133 3
255 134 3
255 235 4
255 236 2
255 237 6
255 263 2
255 302 2
255 415 2
255 585 2
255 637 3
255 646 3
255 652 7
255 925 4
255 1250 4
255 1427 2
255 1475 3
255 1499 2
255 1673 2
255 1736 2
255 1804 4
255 1866 2
255 1914 2
255 1978 4
255 1998 2
255 2053 3
255 2141 2
256 1065 2
256 1095 3
256 1375 3
257 585 2
259 1111 9
259 1225 6
261 1596 4
262 407 10
262 864 9
262 1528 6
263 133 4
263 236 2
263 611 2
263 637 3
263 646 3
263 782 2
263 929 2
263 1284 8
263 1762 2
263 1812 2
263 2134 2
265 1614 13
266 2184 2
270 108 4
270 545 2
270 696 2
270 925 3
270 1250 6
270 2053 4
270 2068 5
271 743 7
272 681 6
272 829 9
272 1263 10
272 1280 8
272 1758 10
274 1839 5
274 1868 4
278 21 7
278 1710 2
279 2082 3
280 269 2
280 814 2
280 990 2
280 1298 2
280 1803 3
281 1483 6
283 314 14
283 396 8
283 465 5
283 1626 13
286 585 2
286 1972 2
288 1366 2
289 202 6
289 1211 4
290 1025 8
293 569 7
293 588 2
293 626 2
293 1463 4
294 589 4
294 879 4
294 1007 5
294 1229 2
295 82 3
296 89 2
297 689 4
299 46 6
299 168 9
299 246 8
299 452 8
299 590 7
299 777 5
299 955 11
299 1029 11
299 1056 7
299 1274 14
299 1363 16
299 1437 9
299 1687 3
299 1771 5
299 2005 16
299 2098 2
301 30 3
301 294 5
301 394 4
301 589 3
301 879 3
301 1007 8
301 1229 2
301 1616 3
301 1940 3
301 2052 2
302 2 3
302 22 2
302 68 3
302 97 2
302 105 3
302 133 6
302 183 2
302 245 2
302 263 2
302 322 5
302 332 5
302 368 4
302 393 3
302 403 4
302 496 5
302 524 2
302 553 2
302 637 5
302 646 5
302 657 2
302 696 4
302 720 4
302 929 5
302 948 3
302 1010 2
302 1027 4
302 1039 6
302 1121 5
302 1122 2
302 1211 3
302 1218 2
302 1260 2
302 1390 2
302 1422 2
302 1499 2
302 1570 4
302 1618 3
302 1673 2
302 1696 2
302 1705 4
302 1736 7
302 1740 2
302 1789 4
302 1847 3
302 1891 2
302 1928 3
302 1972 3
302 1978 3
302 2052 2
302 2094 2
302 2142 3
302 2190 2
303 34 6
304 26 2
304 538 14
304 1416 7
304 1883 6
305 2113 11
306 262 9
306 407 8
306 864 11
307 555 5
307 1176 4
308 1784 3
309 57 4
310 41 7
310 189 8
310 1152 4
310 2185 2
311 222 2
311 503 2
315 167 3
315 326 2
315 700 3
315 1200 4
315 1313 3
315 2030 4
319 358 6
319 447 2
319 506 2
319 533 5
319 856 5
319 964 6
319 982 2
319 1098 4
319 1116 5
319 1122 7
319 1138 4
319 1160 5
319 1213 3
319 1275 6
319 1333 5
319 1382 5
319 1540 6
319 1699 6
319 1760 3
319 1831 5
319 1839 3
319 1959 10
319 1972 4
320 58 4
320 165 5
320 202 2
320 249 4
320 429 5
320 584 14
320 805 3
320 1041 11
320 1062 15
320 1423 13
320 1445 4
320 1460 22
320 1638 3
320 1717 4
320 1997 3
320 2151 5
320 2155 10
322 133 3
322 962 2
322 1736 2
322 1841 3
324 507 9
324 1899 12
325 718 7
327 1177 5
328 363 9
328 1797 26
329 15 9
330 455 2
332 322 5
332 1039 7
332 1736 4
334 220 2
334 433 7
334 508 9
334 648 6
334 1354 12
334 1356 7
334 1436 7
334 1491 7
334 1586 6
334 1738 8
334 1749 11
336 47 7
336 87 5
336 813 18
336 895 15
336 2011 2
336 2115 9
338 868 8
338 1227 7
338 1812 13
338 2193 6
341 88 2
341 336 7
341 959 2
341 989 9
341 2115 4
342 1168 3
342 1264 3
342 1527 5
342 1838 2
343 899 10
343 1876 6
343 2163 2
344 46 2
344 97 2
344 236 2
344 245 2
344 260 7
344 289 5
344 302 2
344 450 2
344 453 2
344 521 6
344 524 2
344 545 9
344 585 2
344 637 2
344 657 2
344 722 2
344 782 2
344 1064 6
344 1092 2
344 1120 8
344 1146 2
344 1189 2
344 1211 5
344 1427 2
344 1499 9
344 1673 2
344 1736 2
344 1762 8
344 1866 2
344 1891 5
344 2094 2
344 2141 2
344 2142 2
345 1963 4
346 1891 2
346 2190 3
348 903 11
348 1151 15
348 1521 9
348 1842 13
349 523 2
350 950 4
351 51 4
351 742 7
351 1852 3
351 2130 6
354 297 3
354 843 2
354 1474 8
354 1755 2
354 1809 2
356 537 7
358 53 19
358 453 3
358 842 6
358 1005 4
358 1116 8
358 1136 6
358 1191 3
358 1209 2
358 1909 3
358 1972 3
358 2158 2
359 415 5
359 1613 3
359 1785 6
360 1135 14
360 1224 10
362 476 13
362 1877 8
363 1153 8
363 1536 4
363 1797 15
366 522 2
366 1177 2
367 1269 2
368 496 4
368 678 4
368 929 5
368 1242 4
369 779 10
370 2020 6
372 2025 5
374 530 3
375 1486 2
377 1942 3
378 98 5
378 1069 4
378 1619 5
378 1999 4
380 887 13
380 939 2
381 1099 3
383 1111 4
383 1225 3
383 1411 3
383 1633 5
383 2128 4
384 793 4
385 131 3
385 2166 3
386 1361 7
388 147 4
388 292 2
388 720 2
388 725 3
388 965 2
388 1012 3
388 1345 8
388 1387 3
388 1915 3
388 2056 2
388 2145 2
389 607 3
389 901 2
390 2189 4
391 542 2
391 848 2
392 53 3
392 358 2
392 778 6
392 911 7
392 1122 12
392 1339 4
393 133 5
393 152 5
393 236 2
393 368 3
393 637 4
393 646 4
393 1001 5
393 1238 2
393 1570 3
393 1695 4
393 1705 3
393 1789 3
393 1928 4
393 1954 3
394 294 7
394 589 7
394 879 8
394 1094 4
394 1401 5
394 1616 6
394 1940 4
396 18 2
396 465 16
396 795 2
396 980 2
396 1430 2
396 1556 10
396 1626 20
397 735 4
401 334 9
401 433 10
401 508 10
401 648 6
401 1354 9
401 1356 8
401 1436 9
401 1491 10
401 1586 7
401 1738 7
401 1749 12
402 360 5
402 954 5
402 1157 4
403 35 6
403 105 9
403 158 2
403 368 3
403 474 7
403 545 2
403 678 6
403 981 2
403 1327 2
403 1401 5
403 1570 4
403 1618 2
403 1687 5
403 1699 9
403 1852 3
403 1968 3
403 2057 2
403 2085 3
403 2141 2
403 2172 3
405 105 9
405 995 7
405 1340 10
405 1374 6
405 1852 8
405 2057 11
405 2085 7
405 2172 8
406 377 6
406 1421 7
406 1942 6
407 864 9
407 1950 2
407 2066 7
408 143 11
408 394 2
408 439 2
408 1832 3
409 171 6
410 1325 10
410 1921 8
411 287 2
412 1299 6
413 1983 2
414 119 7
415 263 2
415 782 3
415 1260 2
415 1276 2
415 1613 4
415 1918 2
416 345 3
416 1963 2
417 2073 3
418 109 8
418 233 4
418 319 6
418 533 8
418 614 7
418 676 2
418 751 4
418 959 5
418 1657 4
418 1959 2
418 1962 7
418 1972 4
418 2013 9
418 2096 6
418 2122 6
419 1658 3
420 1296 6
422 97 3
422 263 2
424 759 5
424 903 9
425 219 3
425 327 5
425 522 9
425 664 2
425 775 7
425 1228 6
425 1253 9
425 1434 5
426 343 2
426 2163 3
429 1211 3
430 1082 5
430 1955 6
431 122 7
431 193 8
431 564 10
431 949 8
431 1047 8
431 1352 7
431 2012 6
433 1436 6
433 1738 5
436 748 2
437 420 7
437 1296 8
437 2065 2
438 332 7
438 474 9
439 382 5
439 508 3
439 721 11
439 977 7
439 1308 8
439 1319 8
440 74 2
441 1300 10
441 2058 29
442 900 2
442 1310 4
443 116 2
443 1060 2
443 1113 2
443 1391 2
443 1549 2
445 565 8
445 1565 2
445 1852 10
447 463 12
447 1282 6
447 1343 9
447 1456 6
448 1342 8
450 82 2
450 137 2
450 200 2
450 222 3
450 243 2
450 295 2
450 415 2
450 477 2
450 606 2
450 622 2
450 632 2
450 637 2
450 678 2
450 859 2
450 1049 3
450 1058 2
450 1072 2
450 1090 2
450 1238 2
450 1762 2
450 2152 2
450 2176 2
450 2182 3
452 403 3
452 1056 6
452 1437 5
452 1873 3
453 263 4
453 470 13
453 637 3
453 646 3
453 1094 4
453 1663 12
454 43 6
454 604 9
454 1287 6
454 1788 6
459 1205 9
459 1323 7
460 114 2
460 812 4
460 1574 6
460 1606 3
462 67 3
462 1261 5
463 2 2
463 233 2
463 616 4
463 930 2
463 1338 9
463 1343 17
463 1456 6
463 1469 2
463 1599 9
463 1880 10
465 594 2
465 1057 3
465 1626 3
466 562 8
467 48 7
467 404 5
467 899 5
467 1441 7
467 1876 5
467 2163 5
468 820 20
468 1443 16
469 219 5
469 327 6
469 425 7
469 522 6
469 775 7
469 889 7
469 1027 11
469 1177 6
469 1228 5
469 1434 7
469 1601 5
469 1669 7
469 1676 6
469 1875 6
469 1888 9
469 1918 8
469 2069 6
470 102 24
470 648 2
470 1422 3
470 2126 14
471 228 5
471 459 5
471 570 6
471 633 5
471 875 5
471 909 7
471 1096 11
471 1205 9
471 1913 3
471 2033 5
471 2139 7
471 2159 6
473 133 4
473 359 8
473 403 3
473 408 2
473 415 6
473 637 3
473 646 3
473 782 4
473 860 10
473 1027 5
473 1052 10
473 1123 11
473 1613 3
473 1785 3
474 133 5
474 255 2
474 332 7
474 344 3
474 368 3
474 589 3
474 646 3
474 833 2
474 981 2
474 1048 3
474 1191 4
474 1276 5
474 1618 2
474 1699 8
474 1955 2
474 2052 2
475 907 2
475 1302 4
475 1703 2
476 472 3
476 1152 6
476 1250 2
476 1540 2
477 613 2
477 2176 2
478 819 12
478 2089 18
479 82 4
479 1489 2
481 988 4
481 1244 3
481 1318 7
481 1666 7
481 1774 6
481 2180 3
484 2118 4
485 558 4
486 215 2
486 266 2
486 482 2
486 1724 2
486 1883 6
488 97 2
488 524 2
488 585 3
488 782 2
488 1027 2
488 1237 13
488 2133 7
488 2190 2
489 601 2
491 450 2
491 1375 2
491 1891 2
491 2104 2
492 948 4
492 1001 4
492 1695 3
492 1928 3
492 1972 2
492 2107 6
494 1643 3
495 558 3
495 1261 2
496 46 2
496 97 3
496 105 2
496 236 3
496 245 3
496 255 2
496 263 2
496 344 2
496 403 4
496 415 2
496 473 2
496 637 8
496 646 7
496 659 2
496 660 2
496 689 2
496 720 4
496 722 2
496 737 2
496 782 2
496 803 4
496 860 2
496 948 2
496 1027 5
496 1055 4
496 1122 3
496 1163 2
496 1191 2
496 1260 2
496 1276 2
496 1422 2
496 1570 6
496 1617 2
496 1618 3
496 1673 2
496 1696 2
496 1736 4
496 1789 7
496 1866 2
496 1891 2
496 1953 3
496 1954 3
496 1955 2
496 1972 2
496 1998 2
496 2091 2
496 2141 2
496 2142 3
497 513 6
497 764 3
497 1843 3
498 1901 4
500 1010 6
500 2132 2
502 325 2
504 1255 6
506 238 2
506 999 2
507 902 3
507 1185 4
507 1608 13
507 1899 6
508 97 2
508 123 2
508 244 2
508 263 2
508 433 8
508 470 5
508 637 2
508 648 2
508 657 2
508 660 2
508 678 3
508 722 2
508 915 2
508 923 2
508 961 2
508 1146 2
508 1191 2
508 1308 2
508 1354 9
508 1356 6
508 1390 2
508 1422 2
508 1436 6
508 1491 9
508 1586 4
508 1663 3
508 1696 2
508 1738 6
508 1764 3
508 1998 2
508 2190 2
509 1389 2
510 1370 21
511 1473 2
515 133 2
515 319 2
515 752 2
515 1170 4
515 1180 3
516 8 2
516 32 2
516 49 2
516 56 2
516 138 2
516 157 2
516 160 2
516 169 2
516 170 2
516 201 2
516 233 2
516 264 2
516 268 2
516 298 2
516 302 2
516 313 2
516 384 2
516 387 2
516 408 2
516 426 3
516 452 2
516 458 2
516 469 2
516 487 2
516 493 2
516 517 2
516 520 9
516 527 2
516 541 4
516 566 2
516 592 2
516 593 2
516 630 2
516 634 3
516 657 3
516 679 2
516 694 2
516 726 3
516 754 2
516 755 2
516 781 2
516 823 4
516 831 3
516 858 2
516 880 2
516 906 2
516 926 2
516 930 2
516 933 2
516 945 2
516 959 2
516 966 2
516 1013 3
516 1045 2
516 1067 2
516 1097 2
516 1098 2
516 1119 2
516 1189 2
516 1193 3
516 1203 2
516 1230 2
516 1238 2
516 1286 2
516 1322 11
516 1327 2
516 1384 2
516 1392 2
516 1408 2
516 1424 2
516 1454 2
516 1459 2
516 1468 2
516 1496 2
516 1516 2
516 1534 2
516 1597 2
516 1609 2
516 1615 2
516 1618 2
516 1654 2
516 1666 2
516 1668 2
516 1671 2
516 1718 2
516 1739 2
516 1750 2
516 1751 2
516 1752 2
516 1762 3
516 1769 2
516 1793 2
516 1824 3
516 1845 2
516 1854 2
516 1861 2
516 1870 2
516 1885 2
516 1892 2
516 1902 2
516 1939 2
516 1956 3
516 1957 2
516 1972 2
516 1982 8
516 1990 2
516 2009 3
516 2047 2
516 2088 2
516 2107 2
516 2119 11
516 2128 2
516 2166 2
516 2187 2
516 2190 2
518 500 4
518 1063 13
518 2080 5
518 2110 4
520 601 3
521 260 6
521 545 7
521 1064 8
521 1120 7
521 1440 2
521 1762 8
523 114 14
523 771 2
523 1209 3
524 263 2
524 722 2
524 782 3
524 912 4
524 1160 2
524 1238 2
524 1665 3
525 328 7
525 363 13
525 1797 13
529 1398 3
529 1477 6
531 783 4
531 959 6
531 1206 2
531 1212 2
531 2079 3
532 39 2
532 53 3
532 79 3
532 106 3
532 133 2
532 159 2
532 233 2
532 396 3
532 403 2
532 428 2
532 525 3
532 533 3
532 637 2
532 678 2
532 680 3
532 819 2
532 842 2
532 961 2
532 964 3
532 1029 2
532 1098 2
532 1116 3
532 1122 3
532 1180 4
532 1191 3
532 1275 3
532 1276 3
532 1503 3
532 1527 3
532 1626 3
532 1699 2
532 1731 3
532 1874 2
532 1972 2
533 61 2
533 109 7
533 1242 3
533 1262 7
533 1390 2
533 1962 8
533 2019 2
534 710 4
534 1385 3
535 643 2
536 529 4
536 1477 5
538 26 2
538 1883 2
540 558 5
540 1542 9
540 1715 4
541 601 2
542 63 5
542 100 9
542 299 6
542 688 8
542 777 4
542 865 2
542 1021 7
542 1363 5
542 1729 6
542 1873 10
542 2172 4
544 122 9
544 431 6
544 564 7
544 878 10
544 949 15
544 1047 6
544 1352 9
544 1630 5
544 2012 6
545 260 5
545 1499 12
545 1762 7
545 1960 3
546 1465 6
550 2065 9
551 429 3
555 1176 3
556 1619 3
556 1999 5
558 369 3
558 1449 3
558 1946 3
558 2031 3
559 1254 2
564 122 10
564 1630 6
564 1829 7
566 454 2
566 872 4
568 810 3
569 2 9
569 967 2
569 1309 3
569 1852 3
570 459 5
570 633 6
570 1205 9
570 2159 5
571 513 3
572 1688 6
574 1679 3
575 176 2
577 558 4
577 580 3
577 1375 5
577 1620 2
578 566 4
579 728 8
580 213 2
580 1261 2
582 1878 3
583 1662 2
584 58 4
584 144 3
584 429 4
584 740 3
584 805 4
584 1041 4
584 1062 9
584 1232 3
584 1445 4
584 1460 6
584 1557 6
584 1595 4
584 1717 4
584 1773 3
584 1979 5
584 1997 3
584 2151 4
584 2155 6
585 133 5
585 368 3
585 415 2
585 637 3
585 646 4
585 660 3
585 711 2
585 985 2
585 1076 2
585 1098 5
585 1122 3
585 1160 2
585 1238 2
585 1250 2
585 1327 3
585 1570 3
585 1762 2
585 1789 3
585 1832 3
585 2142 6
587 1371 2
588 480 4
589 879 9
589 1073 3
589 1616 10
590 1056 6
592 228 6
592 459 7
592 471 10
592 570 7
592 633 6
592 875 7
592 909 10
592 974 2
592 1096 10
592 1205 8
592 1933 4
592 2033 4
592 2139 8
592 2159 7
594 786 2
594 815 12
594 989 4
595 263 2
595 637 3
595 646 2
595 733 9
595 752 6
595 968 4
595 1092 2
595 1308 2
595 1427 2
595 1914 2
595 1961 4
595 2190 2
596 116 2
596 604 6
596 1643 2
598 193 3
598 1630 5
598 2000 7
599 1184 3
599 1665 6
601 516 5
601 716 3
601 1407 2
601 1800 2
601 1857 2
602 57 4
602 274 2
602 798 3
602 1318 8
602 1884 2
602 2144 7
604 43 7
604 1287 11
604 1431 9
604 1788 5
606 110 12
606 222 5
606 243 15
606 1102 6
606 1823 7
606 2104 2
607 901 2
608 1592 12
609 672 11
610 143 9
610 718 2
610 1260 2
610 1420 2
611 382 3
611 439 4
611 721 5
611 977 5
611 1308 8
611 1319 4
611 2090 7
612 396 4
612 1626 3
613 110 4
613 220 6
613 352 3
613 861 13
613 1044 8
613 1396 2
614 319 6
614 1180 10
614 1275 6
614 1503 4
614 1972 2
614 2096 6
615 220 3
615 540 5
615 558 4
615 577 2
615 641 2
615 892 4
615 1261 10
615 1283 3
615 1375 9
615 1542 3
615 1563 3
615 1691 2
615 1904 5
615 2104 5
615 2120 4
615 2143 3
616 1142 7
617 319 10
620 288 3
620 1479 2
621 1926 4
623 1056 2
623 1771 5
624 271 3
627 1314 4
630 1508 11
631 516 2
632 30 2
632 120 2
632 183 20
632 302 3
632 720 19
632 739 3
632 782 2
632 803 3
632 854 2
632 1055 11
632 1121 2
632 1186 4
632 1222 2
632 1386 2
632 1427 2
632 1475 2
632 1736 2
632 1807 6
632 1827 2
632 1954 2
632 1955 2
632 2142 2
632 2145 18
632 2190 2
633 1205 6
635 30 2
635 286 3
635 1333 3
635 1909 3
635 1972 2
637 105 10
637 236 2
637 368 6
637 403 9
637 415 3
637 782 2
637 1422 2
637 1570 7
637 1705 5
637 1762 2
637 1789 9
637 1852 8
637 1968 4
637 2057 7
637 2085 7
641 558 2
641 779 8
642 741 4
642 1037 6
642 2084 5
643 95 4
646 35 3
646 105 3
646 236 2
646 245 2
646 415 3
646 450 2
646 637 8
646 722 2
646 1191 2
646 1276 2
646 1390 2
646 1422 2
646 1427 2
646 1618 2
646 1699 2
646 1762 2
646 1866 2
646 1891 2
646 2190 2
647 1377 6
648 433 4
648 1436 4
649 1004 5
650 116 3
652 237 6
652 925 3
652 1475 6
652 1804 5
654 263 2
654 1082 3
656 53 2
656 238 2
656 1726 17
657 97 2
657 120 2
657 133 5
657 196 2
657 232 2
657 236 2
657 251 3
657 254 6
657 263 2
657 278 5
657 415 2
657 473 2
657 496 4
657 524 2
657 601 2
657 624 6
657 637 4
657 646 4
657 737 3
657 929 4
657 937 2
657 944 2
657 961 2
657 1158 2
657 1189 2
657 1260 4
657 1380 2
657 1499 2
657 1618 3
657 1673 2
657 1696 3
657 1762 2
657 1780 2
657 1791 2
657 1866 2
657 1923 2
657 1928 2
657 2017 5
657 2039 3
657 2094 7
659 670 6
659 977 2
660 35 2
660 97 2
660 133 3
660 415 2
660 474 3
660 501 2
660 524 2
660 632 2
660 637 4
660 646 4
660 657 2
660 782 4
660 860 2
660 929 2
660 948 3
660 1027 2
660 1189 2
660 1191 2
660 1238 5
660 1276 2
660 1615 4
660 1618 2
660 1673 2
660 1699 2
660 1807 2
660 1891 2
660 1914 2
660 1994 2
660 1998 5
660 2016 2
660 2023 2
660 2068 3
660 2091 2
660 2141 6
660 2142 2
663 696 7
663 1527 7
664 164 4
664 194 7
664 993 2
664 1297 3
664 1587 3
664 1667 4
665 1298 5
665 2169 4
668 394 4
668 853 4
668 1205 5
668 1293 7
669 1757 8
669 1888 2
669 2041 7
669 2191 4
670 977 2
672 1852 10
673 893 15
673 1746 2
673 1769 2
673 1930 2
674 1201 3
675 1890 5
676 319 6
676 614 7
676 964 4
676 1170 6
676 1180 5
676 1699 3
676 1972 3
676 2096 6
678 133 8
678 474 4
678 637 7
678 646 7
678 782 3
678 961 5
678 1570 6
678 1687 3
678 1699 9
678 1705 6
678 1789 6
678 1852 3
679 408 2
679 585 2
679 1098 17
679 1696 2
680 1306 2
680 1426 2
680 1748 2
680 1894 2
680 1972 2
682 812 7
682 819 2
682 840 4
682 1606 6
682 1972 2
682 2035 7
684 1080 5
685 558 6
685 1258 5
685 1424 2
686 1401 5
688 63 13
688 168 10
688 246 7
688 299 16
688 452 3
688 955 5
688 1021 8
688 1029 3
688 1056 5
688 1274 11
688 1363 12
688 1437 6
688 1687 2
688 1729 9
688 1806 14
688 2005 18
689 611 3
689 1662 6
690 1643 2
691 1606 3
694 312 3
695 1003 3
696 803 2
696 1699 2
696 1736 3
696 1954 2
697 112 4
697 1846 5
697 2112 5
699 294 3
699 301 3
699 394 6
699 610 2
699 668 9
699 853 7
699 1229 3
699 1293 11
699 1365 2
699 1413 3
699 2133 2
700 1200 3
701 1028 3
703 446 2
706 423 2
707 1852 3
708 524 7
708 1665 4
708 1757 6
708 2041 8
709 916 5
711 1098 2
711 1162 11
711 1609 6
711 1832 4
711 2172 12
713 325 2
713 557 2
713 827 12
713 941 7
714 523 2
714 2022 7
714 2035 2
715 26 5
715 1042 4
715 1150 5
715 1763 2
715 1936 3
715 2131 2
715 2153 7
716 516 7
717 751 3
717 783 4
717 959 5
717 964 4
717 1136 4
717 1180 3
717 1523 2
718 286 3
718 630 2
718 774 3
718 786 3
718 1122 5
718 1921 5
718 1976 3
720 182 2
720 183 14
720 236 2
720 245 2
720 452 2
720 488 3
720 545 2
720 733 2
720 803 3
720 854 2
720 1029 2
720 1055 6
720 1082 2
720 1092 2
720 1121 2
720 1222 2
720 1386 2
720 1427 2
720 1475 2
720 1618 2
720 1736 3
720 1807 5
720 1827 2
720 1955 3
720 1978 2
720 1998 2
720 2141 2
720 2142 2
721 382 5
721 977 4
721 1308 10
722 97 2
722 123 2
722 637 2
722 782 2
722 948 2
722 1276 2
722 1427 2
722 1585 3
722 1914 2
722 2142 2
722 2190 2
723 204 2
723 1571 2
724 1189 2
727 319 4
727 856 14
728 113 2
728 116 2
729 164 8
730 1002 3
730 1504 2
732 222 6
732 311 7
732 853 7
732 1102 7
732 2127 7
733 245 2
733 365 3
733 415 2
733 450 2
733 473 2
733 632 2
733 637 2
733 968 8
733 1308 2
733 1422 2
733 1673 2
733 1807 2
733 1809 2
733 1914 2
733 1961 8
734 2166 9
735 329 23
736 1784 3
738 1162 4
739 452 2
739 1027 2
739 2132 3
739 2142 2
739 2190 2
740 320 7
740 1062 4
740 1557 4
741 1845 2
744 122 3
744 573 11
744 1047 3
744 2012 12
745 929 2
750 805 5
751 164 3
752 123 3
752 263 2
752 450 2
752 657 2
752 660 2
752 733 3
752 843 5
752 1189 2
752 1238 2
752 1308 2
752 1499 2
752 1618 2
752 1696 2
752 1762 3
752 2094 2
753 1763 3
755 63 6
755 100 14
755 168 4
755 246 8
755 299 18
755 452 10
755 542 8
755 601 2
755 688 14
755 746 15
755 777 7
755 833 2
755 955 3
755 1021 10
755 1029 5
755 1056 2
755 1274 2
755 1293 7
755 1301 12
755 1363 14
755 1401 3
755 1437 3
755 1729 7
755 1873 41
755 2005 22
755 2172 10
756 45 2
756 124 4
757 472 9
759 2073 6
762 871 5
763 5 5
765 207 2
765 1388 3
765 1582 3
765 1739 2
766 324 4
767 319 3
767 506 20
767 999 2
769 388 8
769 580 2
769 1118 5
769 1345 6
769 1387 5
769 1915 5
769 2137 8
771 87 3
771 158 2
771 251 2
771 460 5
771 520 2
771 531 3
771 812 4
771 840 3
771 900 2
771 1169 2
771 1574 5
771 1606 5
771 1666 2
771 1762 2
771 1972 2
771 1998 3
771 2035 3
774 422 4
774 776 10
775 327 5
775 522 4
775 1228 6
775 1434 4
775 1888 7
776 422 5
776 524 2
776 657 2
776 1238 2
776 1390 2
776 1618 2
776 1852 2
776 1998 2
776 2094 2
776 2190 3
777 688 11
777 2005 5
778 1192 2
778 1339 4
779 558 5
779 615 6
779 730 2
779 1258 5
779 1283 8
779 1504 7
780 1260 3
782 133 2
782 449 3
782 733 2
782 833 3
782 972 3
782 1027 7
782 1191 3
782 1212 3
782 1238 2
782 1478 2
782 1914 3
782 1953 2
782 1998 2
782 2165 2
783 126 2
783 164 4
783 453 2
783 751 4
783 959 10
783 1117 2
783 1297 4
783 1615 2
783 1657 2
783 1667 3
783 1790 4
783 2194 4
784 1226 13
786 181 10
786 336 7
786 1518 2
786 2115 8
787 260 3
787 344 5
787 521 7
787 545 6
787 1064 5
787 1120 6
787 1279 5
787 1499 13
787 1762 9
788 1762 2
789 250 3
790 479 3
790 1543 3
790 2176 2
791 755 26
792 86 2
792 1166 6
792 1337 13
794 177 8
794 808 9
794 1124 3
794 1378 8
797 1125 4
797 1260 2
797 1730 2
798 4 9
799 1626 3
802 30 4
802 294 3
802 301 4
802 394 4
803 2 2
803 22 2
803 44 2
803 97 2
803 105 3
803 233 2
803 234 2
803 236 7
803 255 2
803 263 3
803 302 9
803 322 4
803 332 9
803 344 2
803 368 2
803 393 2
803 403 4
803 415 2
803 438 9
803 453 2
803 474 11
803 524 2
803 585 2
803 637 4
803 646 4
803 655 2
803 657 2
803 722 2
803 860 3
803 948 2
803 962 7
803 1010 2
803 1039 8
803 1048 3
803 1082 2
803 1121 10
803 1260 3
803 1308 2
803 1390 2
803 1570 3
803 1618 2
803 1676 2
803 1705 3
803 1736 8
803 1762 2
803 1780 2
803 1789 3
803 1928 2
803 1972 3
803 2052 2
803 2094 2
803 2134 2
803 2142 2
803 2190 2
807 1217 10
812 205 4
812 531 4
812 783 5
812 959 7
812 1129 3
812 1206 5
812 1519 5
812 1523 3
812 1657 5
812 1666 3
812 1972 3
812 2035 4
812 2079 4
818 354 5
819 1606 5
820 1443 20
821 50 8
821 1114 9
821 1169 4
821 1752 2
821 1822 2
822 98 2
823 240 3
823 427 2
823 481 4
823 1032 5
823 1082 6
823 1666 8
823 2144 4
823 2180 5
824 320 2
826 462 6
826 1261 3
826 1269 5
826 1479 2
826 1640 2
828 1780 3
829 1263 5
829 1280 4
829 1758 5
830 282 2
830 1122 4
830 1187 8
830 1499 2
830 1657 2
830 1762 2
830 2045 2
833 133 2
833 245 2
833 255 2
833 422 2
833 508 2
833 595 2
833 646 2
833 657 2
833 660 2
833 722 2
833 803 2
833 1260 2
833 1699 2
833 1914 10
833 1998 2
833 2094 2
833 2141 2
833 2142 2
835 58 2
835 70 2
835 165 4
835 320 9
835 429 4
835 584 6
835 740 3
835 931 2
835 1041 2
835 1062 6
835 1216 2
835 1232 4
835 1279 6
835 1289 3
835 1460 4
835 1557 5
835 1595 5
835 1997 2
835 2104 3
835 2151 5
835 2155 4
839 1555 2
840 55 2
840 2035 6
841 589 6
841 1073 6
841 1781 11
841 1941 12
841 2178 9
842 53 4
842 1116 3
842 1122 5
842 1213 2
842 1365 3
842 1760 3
842 1959 3
843 78 2
843 133 3
843 244 14
843 297 12
843 403 2
843 637 2
843 657 2
843 1007 2
843 1122 2
843 1811 8
843 2094 2
843 2142 2
844 48 2
846 155 2
846 524 3
846 669 2
846 708 2
846 912 2
846 1184 2
846 1478 2
846 1665 5
846 1757 2
846 1826 2
846 2165 2
847 304 4
847 538 7
847 1416 5
847 1922 15
848 41 11
848 189 12
848 310 44
848 346 2
848 434 2
848 600 4
848 1152 11
848 1207 12
848 1708 3
848 2046 2
848 2102 12
850 1995 10
851 1381 9
851 1659 5
853 30 2
853 133 6
853 435 9
853 977 4
853 1236 9
853 1293 12
854 1276 2
854 1384 11
854 1762 2
854 2186 11
854 2190 2
855 2008 4
856 2019 2
857 1034 5
857 1645 4
857 1653 5
858 269 2
858 1074 2
858 1298 2
858 1803 2
858 2162 17
860 120 2
860 133 7
860 359 8
860 403 3
860 415 3
860 524 4
860 637 6
860 646 6
860 782 4
860 1027 4
860 1052 10
860 1055 3
860 1123 7
860 1613 3
860 1785 3
860 1807 3
861 477 2
861 1044 2
861 1823 5
862 96 6
862 1741 5
863 1582 8
864 2066 4
865 833 13
865 1163 15
865 1191 2
865 1723 2
865 1914 9
866 877 5
866 2021 2
867 241 4
867 1963 2
868 921 10
868 1227 6
868 1812 11
869 871 2
870 1122 3
870 1160 4
870 1192 2
870 1242 2
870 1699 2
874 786 2
875 228 5
875 459 5
875 570 7
875 633 6
875 1096 11
875 1205 9
875 2139 9
875 2159 6
876 572 5
877 1173 2
877 2021 3
878 122 11
878 193 12
878 431 8
878 564 13
878 598 9
878 1566 8
878 1630 9
878 1785 7
878 1829 12
878 2000 11
881 1185 8
881 1608 5
882 2023 4
883 333 2
885 1497 23
886 308 6
886 736 5
886 1784 7
887 1018 6
887 1242 2
888 53 4
888 159 2
888 182 2
888 263 2
888 358 4
888 453 2
888 1053 2
888 1116 3
888 1122 5
888 1160 4
888 1180 3
888 1191 3
888 1213 2
888 1333 3
888 1382 3
888 1812 9
888 1867 3
888 2096 3
889 327 10
889 1177 7
889 1344 6
889 1669 9
889 1757 3
889 2111 2
890 426 4
891 248 6
891 291 3
892 558 4
892 1258 6
892 2031 6
893 1780 2
894 1147 8
894 1199 2
894 1752 7
895 786 3
895 813 7
895 989 6
895 1493 7
896 73 2
897 11 5
897 360 7
897 402 2
897 954 7
897 1017 8
899 48 7
899 426 4
899 890 3
899 2163 4
902 324 3
902 1608 2
902 1899 2
903 838 2
904 1614 4
905 756 6
905 1845 9
906 918 2
906 1259 5
908 1994 8
909 228 8
909 459 6
909 570 12
909 633 6
909 875 7
909 1205 10
909 1933 6
909 2033 3
909 2159 6
911 358 2
911 778 7
912 155 4
912 1826 4
913 656 4
913 1697 2
913 1726 8
915 1238 2
915 2057 3
915 2085 5
917 1035 2
918 1259 5
918 1462 3
919 116 2
919 225 2
921 338 12
923 97 4
923 133 3
923 236 2
923 255 2
923 263 8
923 302 2
923 473 2
923 519 2
923 524 2
923 595 2
923 611 2
923 637 3
923 646 3
923 678 2
923 752 2
923 803 2
923 961 2
923 1027 2
923 1146 2
923 1160 2
923 1189 2
923 1422 2
923 1696 2
923 1736 2
923 1762 2
923 1771 2
923 2142 2
923 2190 2
925 108 11
925 1925 3
925 1956 6
926 52 3
927 1325 5
929 165 2
929 236 3
929 245 3
929 403 4
929 496 5
929 523 2
929 585 3
929 637 8
929 646 7
929 659 2
929 720 5
929 782 5
929 803 4
929 860 2
929 1027 6
929 1082 3
929 1570 6
929 1618 3
929 1696 2
929 1736 2
929 1789 7
929 1953 4
929 1954 3
929 1955 3
929 1972 3
929 1998 2
929 2142 3
931 165 5
932 133 4
932 403 3
932 660 6
932 678 2
932 1122 2
932 1458 3
932 1852 2
932 1998 7
932 2141 8
935 420 3
935 437 2
935 550 5
935 2148 2
940 813 4
941 827 6
943 1070 6
943 1245 5
944 174 3
944 1862 3
945 1034 6
945 1645 8
945 1653 7
945 2040 4
946 1337 3
948 133 4
948 393 7
948 637 3
948 646 3
948 1001 9
948 1461 2
948 1695 9
948 1928 8
949 122 7
949 193 5
949 564 9
949 878 10
949 1352 8
949 1630 5
949 1829 6
949 2012 6
950 30 2
950 61 3
950 133 2
950 255 2
950 344 3
950 394 2
950 657 2
950 752 2
950 803 2
950 923 2
950 1191 2
950 1308 2
950 1390 2
950 1499 3
950 1514 6
950 1762 3
950 1831 3
950 1834 2
950 1920 3
950 1953 2
950 2055 3
953 379 3
954 360 10
954 1017 13
954 1224 13
955 168 7
955 452 4
955 1056 4
955 1274 27
955 1437 7
955 1531 3
956 308 6
957 339 3
958 432 9
959 22 3
959 25 4
959 126 5
959 158 2
959 164 7
959 660 4
959 1117 2
959 1206 6
959 1212 3
959 1238 5
959 1297 5
959 1615 5
959 1622 4
959 1657 4
959 1667 5
959 1699 3
959 1790 5
959 1851 2
959 2194 5
960 1072 2
960 1823 2
961 105 5
961 403 5
961 450 2
961 470 2
961 474 3
961 637 5
961 646 5
961 739 2
961 782 2
961 1087 6
961 1146 2
961 1238 2
961 1570 4
961 1618 4
961 1687 2
961 1699 8
961 1705 4
961 1721 2
961 1736 2
961 1789 4
961 2141 2
962 236 3
962 1841 3
962 1954 5
964 53 9
964 61 3
964 79 8
964 106 5
964 159 7
964 182 4
964 358 10
964 418 6
964 519 2
964 533 7
964 727 4
964 764 2
964 782 3
964 843 4
964 856 6
964 888 6
964 1005 6
964 1007 4
964 1053 6
964 1116 6
964 1122 11
964 1136 8
964 1160 7
964 1191 4
964 1227 3
964 1242 3
964 1264 2
964 1275 10
964 1314 2
964 1333 6
964 1382 6
964 1540 8
964 1583 2
964 1653 2
964 1699 3
964 1812 3
964 1846 3
964 1865 6
964 1867 7
964 1909 3
964 1959 5
964 1972 3
964 2055 5
964 2096 10
965 1915 4
968 1050 3
968 1961 6
969 1033 25
971 872 7
972 449 10
973 959 2
975 647 4
975 1164 9
976 357 6
977 942 2
977 1072 2
977 1094 3
977 1235 2
977 1308 5
977 1636 3
977 1774 2
977 1891 2
977 2073 3
977 2090 10
977 2193 8
978 3 5
978 918 4
978 1259 7
978 1462 7
980 418 2
981 678 2
981 848 4
981 1576 3
981 1699 2
984 82 3
984 110 4
984 200 4
984 477 4
984 1543 3
984 1947 3
985 68 2
985 408 2
985 865 5
985 1237 3
985 1514 2
986 823 4
987 46 10
987 68 2
987 168 7
987 299 7
987 302 2
987 344 2
987 452 3
987 590 4
987 660 2
987 688 4
987 720 3
987 739 3
987 955 5
987 1027 3
987 1029 3
987 1056 4
987 1238 2
987 1274 8
987 1276 2
987 1363 5
987 1437 5
987 1729 3
987 1771 6
987 1806 6
987 1891 2
987 1928 2
987 2005 5
987 2141 2
988 4 2
988 8 2
988 24 2
988 92 4
988 163 2
988 210 2
988 231 3
988 233 2
988 236 2
988 276 2
988 302 3
988 309 2
988 322 3
988 342 3
988 406 2
988 409 3
988 569 2
988 602 2
988 640 2
988 660 3
988 741 2
988 803 3
988 823 3
988 849 2
988 932 3
988 1082 3
988 1121 3
988 1142 2
988 1179 2
988 1238 3
988 1321 2
988 1390 3
988 1463 2
988 1485 3
988 1507 3
988 1618 3
988 1701 2
988 1706 2
988 1736 3
988 1799 2
988 1839 3
988 1852 3
988 1924 2
988 1998 3
988 2107 2
988 2141 3
988 2180 2
989 179 5
989 336 15
989 830 2
989 1082 3
989 1116 3
989 1493 2
989 1657 2
989 1978 2
991 1694 5
992 224 6
994 352 2
995 1153 3
995 1340 3
995 1808 5
996 353 6
998 990 2
1000 289 10
1005 1116 4
1006 1823 2
1007 15 4
1007 30 10
1007 65 3
1007 133 4
1007 350 2
1007 394 9
1007 718 3
1007 911 4
1007 950 4
1007 1221 2
1007 1514 6
1007 1518 19
1007 1525 4
1007 1616 2
1007 1699 3
1007 1920 3
1007 1972 2
1007 2055 7
1008 30 3
1008 570 2
1008 1326 5
1010 66 2
1010 408 5
1010 508 2
1010 585 7
1010 711 12
1010 738 5
1010 739 9
1010 1050 4
1010 1162 9
1010 1609 15
1010 1612 11
1010 1742 2
1010 1802 3
1010 1832 11
1010 2132 18
1010 2172 7
1014 464 3
1015 304 14
1015 538 21
1015 847 8
1015 1416 23
1015 1546 16
1015 1883 11
1015 1936 2
1016 1820 4
1017 11 4
1017 360 12
1017 1135 9
1017 1224 9
1017 1822 14
1019 348 9
1019 838 2
1019 1068 13
1019 1151 13
1019 1650 3
1019 1795 8
1020 1359 3
1021 299 8
1021 1363 11
1021 2005 9
1022 1323 6
1022 1408 9
1022 1935 8
1023 581 2
1023 684 2
1023 1678 2
1024 232 4
1024 278 6
1024 343 2
1024 383 4
1024 624 4
1024 657 3
1024 696 5
1024 1117 2
1024 1633 3
1024 1718 3
1024 1982 2
1024 2094 4
1024 2128 3
1024 2163 2
1025 1400 3
1027 219 6
1027 236 2
1027 263 2
1027 327 8
1027 425 7
1027 522 5
1027 524 5
1027 654 2
1027 708 3
1027 775 7
1027 803 3
1027 889 6
1027 1092 2
1027 1177 11
1027 1228 5
1027 1238 2
1027 1253 5
1027 1434 5
1027 1601 7
1027 1669 7
1027 1736 3
1027 1757 8
1027 1826 4
1027 1875 5
1027 1888 10
1027 1918 11
1027 1972 2
1027 1978 3
1027 2069 12
1027 2083 3
1028 1305 12
1029 133 5
1029 168 8
1029 182 2
1029 263 3
1029 368 4
1029 403 5
1029 452 7
1029 637 4
1029 646 4
1029 696 2
1029 955 6
1029 1056 7
1029 1222 2
1029 1437 7
1029 1499 2
1029 1570 4
1029 1762 2
1029 1789 4
1029 2052 2
1030 626 4
1030 1390 2
1031 1485 2
1032 2180 2
1033 0 15
1033 13 8
1033 20 12
1033 233 15
1033 275 3
1033 821 13
1033 1135 6
1033 1161 15
1033 1752 7
1034 1645 10
1035 1656 4
1036 800 7
1036 1140 3
1037 741 3
1037 2084 6
1039 133 3
1039 322 4
1039 1121 5
1039 1736 3
1039 1841 2
1041 2155 11
1042 1150 9
1043 212 14
1044 1823 2
1045 247 10
1047 122 8
1047 193 5
1047 564 9
1047 878 11
1047 949 8
1047 1630 5
1048 393 2
1048 395 7
1048 637 2
1048 646 2
1048 1209 7
1048 1570 2
1048 1705 2
1048 1789 2
1048 1807 2
1049 110 4
1049 222 4
1049 243 6
1049 477 4
1049 479 5
1049 606 3
1049 1182 4
1049 1304 12
1049 1823 5
1049 1947 4
1050 1961 3
1051 2001 14
1052 359 11
1052 403 3
1052 415 12
1052 1613 5
1052 1785 7
1053 1007 3
1053 1699 2
1053 1972 2
1054 1605 4
1055 30 2
1055 183 7
1055 302 3
1055 657 2
1055 782 2
1055 854 2
1055 1029 2
1055 1121 2
1055 1222 2
1055 1427 2
1055 1475 2
1055 1736 3
1055 1807 6
1055 1998 2
1055 2141 2
1055 2142 2
1056 35 2
1056 403 2
1056 961 2
1056 1783 2
1057 396 9
1057 1626 19
1058 243 4
1058 984 5
1058 1479 3
1060 657 2
1061 1011 12
1062 165 3
1062 429 4
1062 805 4
1062 1041 8
1062 1216 5
1062 1232 4
1062 1423 8
1062 1445 3
1062 1460 7
1062 1595 7
1062 1662 2
1062 1997 2
1062 2155 7
1063 653 3
1063 1246 5
1063 1252 3
1063 1728 3
1063 2110 2
1064 260 5
1064 289 2
1064 429 3
1064 545 7
1064 637 2
1064 1000 3
1064 1120 7
1064 1276 2
1064 1415 7
1064 1499 10
1064 1762 7
1064 1891 3
1065 80 4
1065 213 2
1065 558 6
1065 575 2
1065 580 4
1065 942 5
1065 965 3
1065 1059 3
1065 1261 5
1065 1281 2
1065 1353 2
1065 1489 2
1065 1652 2
1065 2149 3
1066 1074 4
1066 1840 4
1068 348 2
1068 903 2
1068 1151 3
1069 1419 2
1071 54 4
1071 84 5
1071 118 4
1071 140 4
1071 547 4
1071 560 4
1071 644 4
1071 683 5
1071 704 4
1071 834 4
1071 928 3
1071 1167 4
1071 1268 5
1071 1328 4
1071 1425 4
1071 1435 7
1071 1624 4
1071 1692 2
1071 1698 5
1071 1711 5
1071 2156 5
1072 82 5
1072 222 5
1072 586 2
1072 1102 7
1072 1479 4
1072 1823 2
1072 1947 5
1073 1616 2
1074 820 11
1074 1443 8
1075 2161 4
1076 108 3
1076 652 2
1076 1327 4
1076 2053 4
1076 2068 4
1077 274 6
1077 1868 4
1078 1637 9
1080 1188 19
1081 1187 3
1082 47 2
1082 496 4
1082 786 3
1082 792 2
1082 813 3
1082 940 5
1082 1172 2
1082 1891 2
1082 1955 17
1083 947 3
1084 1236 2
1085 602 3
1086 645 2
1086 1305 2
1086 1484 2
1086 1917 2
1087 105 8
1087 146 7
1087 403 11
1087 474 5
1087 637 9
1087 678 7
1087 1401 2
1087 1548 9
1087 1687 3
1087 1699 11
1087 1705 2
1087 1783 9
1087 1789 4
1087 1852 2
1087 1968 3
1087 2057 4
1087 2085 5
1087 2145 2
1089 1619 3
1092 97 2
1092 722 12
1092 1676 2
1093 396 4
1093 1626 5
1094 102 5
1095 462 7
1095 826 9
1096 228 6
1096 459 8
1096 570 10
1096 633 7
1096 909 10
1096 1122 2
1096 1205 13
1096 2033 4
1096 2052 4
1096 2139 8
1096 2159 8
1098 133 3
1098 1010 4
1100 580 2
1100 1696 2
1101 32 4
1102 82 5
1102 186 6
1102 200 4
1102 222 7
1102 503 5
1102 613 6
1102 622 4
1102 994 2
1102 1009 3
1102 1044 8
1102 1347 2
1102 1582 6
1102 1681 4
1102 1821 6
1102 2127 5
1102 2176 2
1103 1206 4
1104 573 6
1104 744 9
1106 1264 2
1108 222 3
1108 503 3
1108 2127 10
1109 1551 3
1109 1615 2
1110 1082 2
1113 116 3
1115 1385 2
1116 53 22
1116 1972 2
1116 1978 2
1119 773 3
1119 1195 5
1120 70 4
1120 545 10
1120 1211 3
1120 1415 11
1120 1440 3
1120 1762 8
1120 1960 3
1120 1988 2
1121 322 3
1122 453 4
1122 519 2
1122 524 2
1122 749 2
1122 774 3
1122 778 6
1122 846 3
1122 860 3
1122 913 3
1122 934 2
1122 1007 4
1122 1027 4
1122 1116 2
1122 1136 8
1122 1339 3
1122 1360 2
1122 1475 2
1122 1699 2
1122 1921 4
1122 1972 2
1122 1978 5
1122 2190 2
1123 359 12
1123 415 10
1123 1052 15
1123 1613 5
1123 1785 10
1125 40 2
1125 185 5
1125 490 4
1125 673 12
1125 817 3
1125 827 2
1125 1273 14
1125 1307 8
1125 1554 6
1125 1868 2
1125 1911 9
1125 2144 3
1126 1662 6
1126 1700 6
1127 597 9
1127 1841 4
1129 783 3
1129 959 4
1129 1206 3
1130 2089 2
1130 2146 15
1132 1643 2
1134 120 6
1134 144 5
1134 156 5
1134 583 5
1134 689 5
1134 931 2
1134 1351 7
1134 1448 6
1134 1662 5
1134 1700 7
1134 1801 3
1134 1882 7
1134 1997 4
1135 954 9
1135 1224 4
1135 1822 5
1136 104 2
1136 109 5
1136 127 5
1136 159 4
1136 319 4
1136 533 8
1136 679 2
1136 727 4
1136 856 3
1136 911 2
1136 1007 4
1136 1053 5
1136 1116 4
1136 1191 4
1136 1213 2
1136 1262 5
1136 1276 4
1136 1333 5
1136 1382 5
1136 1518 5
1136 1540 4
1136 1690 3
1136 1921 2
1136 1962 8
1136 1978 2
1137 689 2
1137 753 2
1137 1661 3
1139 816 4
1139 1702 4
1140 229 2
1140 318 2
1140 1251 3
1140 1643 2
1140 2054 2
1141 273 17
1142 374 4
1142 505 7
1142 672 8
1142 832 3
1142 1031 3
1142 1343 2
1142 1852 4
1145 918 7
1145 978 6
1145 1259 10
1145 1314 3
1145 1462 5
1146 97 2
1146 133 4
1146 245 2
1146 263 2
1146 453 2
1146 524 2
1146 595 2
1146 637 3
1146 678 2
1146 782 2
1146 860 2
1146 1027 2
1146 1308 2
1146 1390 2
1146 1617 2
1146 1676 2
1146 1762 2
1146 2190 2
1147 1810 3
1148 116 4
1149 816 10
1149 1026 13
1149 1139 2
1149 1663 11
1149 1702 10
1151 903 13
1153 7 2
1153 1198 2
1153 1223 5
1153 1536 7
1154 164 3
1154 714 10
1154 1480 11
1154 2022 8
1155 396 5
1156 1905 5
1157 848 2
1158 867 4
1159 1471 7
1160 347 2
1160 392 5
1160 842 3
1160 1007 3
1160 1053 6
1160 1122 26
1160 1136 5
1160 1242 5
1160 1333 19
1160 1649 2
1160 1972 2
1160 2096 20
1160 2158 3
1161 50 8
1161 594 2
1161 821 21
1161 969 10
1161 1169 6
1161 1822 7
1162 585 3
1162 739 4
1162 1832 5
1162 2053 2
1162 2132 3
1163 344 2
1163 833 9
1163 1276 2
1163 1914 8
1164 647 9
1165 2092 7
1166 1337 11
1168 723 3
1170 319 6
1170 614 8
1170 1136 5
1170 1212 2
1170 1275 8
1170 1699 3
1170 1972 2
1171 1917 3
1172 1260 2
1172 1532 2
1173 176 3
1177 522 4
1177 1669 8
1178 143 7
1178 610 15
1178 1260 2
1179 1625 18
1180 22 4
1180 127 7
1180 319 6
1180 533 6
1180 718 2
1180 842 7
1180 856 6
1180 964 5
1180 1007 2
1180 1136 5
1180 1160 4
1180 1170 12
1180 1275 10
1180 1477 2
1180 1518 6
1180 1972 2
1180 2096 8
1181 845 2
1185 324 5
1185 902 5
1185 1608 5
1185 1761 5
1185 1899 5
1187 563 2
1187 1657 2
1189 263 2
1189 334 5
1189 401 7
1189 433 6
1189 508 10
1189 1238 2
1189 1260 2
1189 1427 2
1189 1491 5
1189 1727 2
1189 1738 3
1189 1745 2
1189 1749 6
1189 1891 2
1190 158 6
1190 1859 5
1191 415 2
1191 453 4
1191 473 2
1191 860 2
1191 1122 4
1191 1238 2
1191 1499 3
1191 1696 2
1191 1762 3
1192 964 6
1192 1122 12
1195 773 4
1198 358 2
1199 55 2
1199 77 5
1199 460 5
1199 588 8
1199 594 2
1199 682 6
1199 797 2
1199 823 5
1199 1335 6
1199 1355 2
1199 1379 3
1199 1476 7
1199 1574 6
1199 1813 5
1199 2170 5
1199 2180 2
1200 1313 3
1200 2030 3
1204 400 11
1204 1584 2
1204 2179 2
1206 783 4
1206 1212 2
1206 2079 3
1207 41 7
1207 310 8
1208 1643 2
1209 395 6
1210 1677 2
1211 120 2
1211 133 3
1211 165 2
1211 202 3
1211 236 2
1211 637 2
1211 646 2
1211 722 2
1211 1617 2
1211 1634 2
1211 1736 2
1211 1928 2
1212 637 2
1212 1789 2
1213 1116 2
1213 1191 2
1213 1276 2
1213 1382 3
1213 1731 2
1213 1989 2
1214 190 5
1214 197 4
1214 642 7
1214 741 5
1214 1037 5
1214 1614 3
1214 2084 6
1215 392 9
1216 2155 5
1219 143 3
1219 520 2
1219 1010 16
1222 452 2
1222 1804 5
1222 2053 5
1223 133 5
1223 294 2
1223 394 3
1223 637 2
1223 983 2
1223 1133 2
1223 1536 5
1223 2108 7
1224 11 2
1224 1822 7
1225 1111 22
1227 921 10
1227 1180 2
1227 1191 2
1227 1867 2
1228 522 3
1229 30 2
1229 394 4
1229 488 8
1229 833 8
1229 865 7
1229 1163 6
1229 1914 6
1229 2133 23
1232 198 2
1232 260 2
1232 320 4
1232 536 2
1232 605 2
1232 619 2
1232 768 2
1232 778 2
1232 825 2
1232 895 2
1232 924 2
1232 963 8
1232 1196 2
1232 1663 2
1232 2155 3
1235 618 2
1235 863 11
1235 2106 7
1235 2184 2
1236 1639 3
1236 1683 5
1236 2164 6
1237 133 6
1237 403 2
1237 1229 6
1237 2133 7
1238 97 2
1238 133 4
1238 263 2
1238 403 3
1238 474 3
1238 501 2
1238 637 4
1238 646 4
1238 783 4
1238 860 2
1238 932 4
1238 948 3
1238 1260 2
1238 1276 2
1238 1615 3
1238 1696 2
1238 1994 2
1238 1998 3
1238 2079 3
1238 2141 5
1241 319 9
1241 533 2
1241 617 8
1242 166 2
1242 218 2
1242 238 15
1242 302 2
1242 319 3
1242 403 2
1242 423 4
1242 637 6
1242 646 5
1242 659 2
1242 706 2
1242 782 6
1242 803 2
1242 929 4
1242 1027 4
1242 1082 2
1242 1122 6
1242 1570 6
1242 1705 6
1242 1736 2
1242 1792 4
1242 1953 3
1242 1954 3
1242 1955 2
1242 1959 5
1242 2096 7
1242 2190 3
1243 2025 3
1246 2110 4
1247 1082 3
1247 1955 5
1248 79 2
1248 319 3
1248 1989 4
1248 2096 5
1249 1626 2
1250 848 4
1250 1372 2
1251 355 3
1251 1747 3
1252 968 8
1252 1050 5
1252 1961 5
1252 2038 11
1253 775 4
1256 1375 2
1258 540 9
1258 558 3
1258 641 3
1258 873 2
1258 1283 3
1258 1542 10
1258 1563 9
1258 1715 5
1258 2120 8
1258 2143 8
1259 3 3
1259 1403 10
1259 1462 5
1259 1952 2
1260 236 2
1260 860 2
1260 929 2
1260 1082 2
1261 558 2
1261 730 3
1261 1095 2
1261 1183 2
1262 103 8
1262 109 11
1262 2013 9
1263 1280 3
1265 2157 14
1266 543 4
1267 1736 2
1268 84 2
1268 118 3
1268 140 2
1268 560 3
1268 644 2
1268 683 2
1268 704 3
1268 928 3
1268 1290 2
1268 1328 3
1268 1425 2
1268 1598 2
1268 1698 2
1268 1711 2
1268 2156 4
1269 462 6
1270 916 2
1271 121 3
1272 1277 6
1273 673 16
1274 46 12
1274 270 3
1274 452 11
1274 590 8
1274 1029 13
1274 1056 12
1274 1222 2
1274 1250 2
1274 1363 11
1274 1437 14
1274 1687 9
1274 1729 8
1274 1771 9
1275 392 2
1275 1136 2
1275 1242 2
1275 1581 2
1275 2019 2
1276 133 3
1276 230 2
1276 236 2
1276 358 4
1276 453 3
1276 473 2
1276 637 3
1276 860 2
1276 888 3
1276 1053 3
1276 1122 6
1276 1160 4
1276 1191 12
1276 1367 8
1276 1696 3
1276 1760 3
1276 1762 2
1276 1786 3
1276 1978 4
1279 58 4
1279 144 3
1279 202 4
1279 289 5
1279 320 5
1279 429 13
1279 521 5
1279 545 5
1279 551 10
1279 583 2
1279 584 5
1279 931 4
1279 1000 6
1279 1062 5
1279 1892 5
1279 1997 5
1279 2104 5
1282 463 9
1282 1343 7
1282 1456 4
1282 1880 9
1283 558 2
1287 208 3
1287 456 4
1287 596 12
1287 1391 6
1287 1647 3
1287 1778 3
1288 2118 2
1289 320 5
1289 1062 3
1289 1460 3
1289 1557 2
1289 2155 4
1291 1105 5
1291 1485 3
1292 760 3
1294 661 4
1297 164 4
1297 1660 2
1298 2169 3
1301 100 6
1301 299 5
1301 542 3
1301 688 4
1301 1873 9
1301 2005 5
1301 2172 7
1304 479 8
1305 701 4
1308 123 2
1308 236 2
1308 382 4
1308 415 2
1308 422 2
1308 453 2
1308 915 2
1308 948 2
1308 1189 2
1308 1276 2
1308 1319 6
1308 1422 2
1308 1762 2
1311 531 4
1311 812 4
1311 1206 4
1311 1523 3
1311 1606 8
1311 1690 14
1311 2170 4
1312 163 3
1314 918 5
1314 978 5
1314 1259 5
1314 1533 7
1314 1945 12
1315 807 11
1316 1451 4
1317 1775 5
1318 24 2
1318 125 4
1318 309 3
1318 317 3
1318 823 3
1318 837 2
1318 1158 3
1318 1378 3
1318 1664 3
1318 2180 3
1319 721 7
1319 977 9
1319 1685 3
1320 221 7
1321 849 7
1322 601 3
1323 201 5
1323 705 5
1323 1346 4
1323 1408 10
1324 116 2
1324 998 3
1325 422 5
1325 774 18
1325 776 11
1325 1921 21
1326 452 2
1326 791 2
1330 422 4
1331 1787 3
1331 1895 2
1333 79 4
1333 127 3
1333 1007 3
1333 1972 2
1335 812 5
1335 840 3
1335 1606 6
1335 1972 2
1335 2001 4
1336 730 4
1336 1261 2
1336 2179 2
1337 1908 3
1338 447 8
1338 1282 6
1338 1343 9
1338 1456 5
1340 302 2
1340 699 2
1340 1029 2
1340 1736 2
1341 715 8
1341 1042 11
1341 1150 13
1341 1936 7
1341 2153 14
1343 1456 6
1344 2111 8
1345 6 6
1345 147 9
1345 685 4
1345 892 7
1345 1065 7
1345 1100 4
1345 1118 2
1345 1261 5
1345 1387 3
1345 1542 2
1345 1915 6
1345 1946 7
1345 2137 6
1346 705 2
1347 1173 2
1347 1823 2
1348 1823 2
1349 123 3
1349 968 7
1349 1961 6
1349 2004 8
1349 2080 5
1350 96 2
1350 221 2
1350 307 7
1350 526 4
1350 1176 5
1350 1741 2
1351 583 5
1351 1279 5
1351 1448 6
1351 1662 6
1351 1700 7
1352 122 9
1352 193 4
1352 564 8
1352 744 3
1352 878 13
1352 1047 9
1352 1566 7
1352 1630 5
1352 1785 6
1352 1829 3
1354 433 7
1354 648 7
1354 1356 5
1354 1436 6
1354 1586 6
1354 1738 6
1355 588 2
1355 1501 3
1362 155 4
1362 524 5
1362 599 7
1362 669 8
1362 708 5
1362 912 6
1362 1131 5
1362 1184 6
1362 1665 6
1362 1757 17
1362 1826 5
1362 2191 5
1363 168 5
1363 246 5
1363 452 4
1363 777 5
1363 955 5
1363 1029 5
1363 1056 6
1363 1437 7
1363 1687 5
1363 1806 9
1363 2098 2
1364 180 2
1365 143 4
1365 418 2
1365 610 13
1365 718 2
1365 1007 2
1365 1122 2
1365 1170 2
1365 1178 14
1365 1180 2
1365 1260 2
1365 1413 2
1365 1420 2
1365 1865 2
1367 152 2
1367 347 5
1367 601 3
1370 1614 2
1371 1780 2
1374 1340 4
1375 203 5
1375 1261 9
1375 2050 2
1376 1752 3
1377 914 5
1377 975 9
1377 1164 7
1377 1577 13
1377 1912 2
1378 177 6
1382 453 2
1382 1007 4
1382 1053 8
1382 1122 2
1382 1160 10
1382 1242 4
1382 1972 2
1382 2096 2
1382 2158 3
1384 1276 2
1384 1390 2
1384 1762 2
1384 2141 2
1384 2186 9
1386 68 10
1386 488 12
1386 1229 8
1386 1237 13
1386 2133 6
1387 1118 2
1388 2183 6
1390 105 2
1390 133 3
1390 236 2
1390 238 2
1390 245 2
1390 346 9
1390 415 2
1390 473 2
1390 496 3
1390 506 2
1390 524 2
1390 595 2
1390 637 2
1390 722 2
1390 929 3
1390 1027 2
1390 1122 3
1390 1160 2
1390 1189 2
1390 1191 2
1390 1276 2
1390 1420 2
1390 1499 2
1390 1696 2
1390 1721 4
1390 1762 2
1390 1866 2
1390 1959 2
1390 1976 2
1390 2025 11
1390 2103 2
1390 2190 2
1391 454 2
1391 1788 2
1393 158 3
1394 584 2
1394 1062 5
1394 1279 7
1394 1460 3
1394 1595 2
1394 1717 8
1394 2078 12
1394 2104 18
1394 2155 3
1396 477 3
1396 984 4
1397 559 6
1397 1254 4
1398 1477 3
1400 1107 4
1400 2101 6
1402 1134 6
1402 1662 7
1403 3 7
1403 906 5
1404 1022 4
1404 1323 5
1404 1408 5
1404 1935 5
1405 558 2
1406 242 4
1407 1239 2
1408 201 6
1408 459 5
1408 705 3
1408 1346 3
1408 2159 6
1409 516 2
1410 160 3
1410 323 9
1411 259 3
1411 1111 17
1411 1225 9
1412 116 2
1413 610 2
1413 853 5
1413 1223 3
1413 1293 5
1413 1687 2
1413 2085 2
1415 157 2
1415 260 6
1415 289 3
1415 344 7
1415 429 2
1415 521 14
1415 545 9
1415 648 2
1415 666 2
1415 744 2
1415 750 5
1415 787 6
1415 790 2
1415 801 3
1415 836 2
1415 915 2
1415 938 2
1415 1000 2
1415 1211 2
1415 1510 2
1415 1586 3
1415 1762 2
1415 1858 2
1415 1891 3
1415 1988 2
1415 1997 2
1415 2049 2
1415 2151 5
1416 538 9
1416 1546 7
1416 1883 10
1417 554 3
1417 1270 6
1419 98 3
1419 1619 4
1419 2015 2
1420 133 4
1421 377 5
1421 1942 5
1422 236 2
1422 263 2
1422 400 3
1422 473 2
1422 611 2
1422 929 2
1422 1010 3
1422 1204 2
1422 1832 2
1423 2155 7
1424 1261 2
1427 97 2
1427 123 2
1427 637 2
1427 1238 2
1427 1260 2
1428 775 3
1428 1027 7
1428 1875 5
1429 1823 3
1431 1287 9
1432 2027 2
1432 2131 3
1434 522 3
1435 1268 5
1436 1356 4
1437 115 2
1437 168 5
1437 1056 6
1439 407 2
1439 864 2
1440 801 7
1441 426 5
1441 899 7
1442 1511 3
1445 165 4
1445 805 7
1446 451 5
1446 539 3
1447 2160 5
1448 1704 3
1453 1072 2
1455 1551 2
1457 1568 2
1460 58 2
1460 70 3
1460 165 3
1460 429 2
1460 740 2
1460 1041 2
1460 1232 2
1460 1279 2
1460 1595 2
1460 1997 2
1460 2151 3
1460 2155 3
1462 3 4
1462 627 5
1463 2 2
1463 505 2
1463 569 5
1463 1485 3
1463 1599 4
1463 1706 2
1464 813 2
1466 979 4
1470 1574 5
1472 133 2
1473 1025 8
1474 818 4
1475 237 6
1475 270 3
1475 1222 4
1475 1250 4
1475 1576 2
1475 2068 5
1476 57 4
1476 988 4
1479 288 5
1479 622 2
1479 1366 3
1480 714 13
1481 271 5
1481 1986 3
1481 2056 4
1485 136 5
1485 374 2
1485 1599 10
1485 1744 5
1487 1881 16
1488 1187 4
1491 433 5
1491 648 7
1491 1354 8
1491 1356 2
1491 1436 7
1491 1586 7
1491 1738 6
1492 572 4
1493 336 9
1493 2115 5
1494 222 3
1494 622 4
1494 1384 2
1494 1479 3
1495 687 2
1496 1623 8
1499 97 2
1499 263 2
1499 270 2
1499 453 2
1499 521 13
1499 585 2
1499 678 2
1499 782 2
1499 1120 11
1499 1238 2
1499 1276 4
1499 1308 2
1499 1384 3
1499 1427 2
1499 1699 2
1499 1732 3
1499 1762 15
1499 1866 2
1499 1960 5
1499 1988 4
1499 2186 3
1501 1168 3
1501 1575 5
1502 477 2
1502 613 2
1502 984 2
1503 105 3
1503 319 5
1503 1170 4
1503 2075 8
1504 558 2
1506 1626 15
1509 1142 6
1512 1606 4
1513 2191 3
1514 350 5
1514 408 4
1514 1699 2
1514 2055 4
1517 193 10
1517 1560 5
1518 233 2
1518 532 2
1518 533 2
1518 718 6
1518 856 3
1518 1082 3
1518 1116 2
1518 1130 4
1518 1275 26
1518 1581 3
1518 1610 5
1518 1635 2
1518 1673 2
1518 1834 2
1519 20 4
1519 1122 2
1520 97 2
1521 534 6
1521 1079 2
1521 1842 8
1521 1896 8
1522 804 4
1523 164 4
1523 199 3
1523 751 13
1523 1978 2
1523 2079 7
1524 1539 3
1524 1712 3
1526 968 5
1526 1961 3
1527 133 3
1527 302 3
1527 803 3
1527 1699 2
1527 1736 3
1529 1257 3
1530 1389 7
1532 1439 3
1533 918 8
1533 978 6
1533 1145 10
1533 1259 10
1533 1462 5
1533 1945 15
1535 567 3
1538 991 8
1538 1539 4
1538 1694 6
1539 770 3
1539 991 3
1539 1819 2
1540 727 11
1541 1910 5
1542 558 2
1542 1715 3
1544 115 6
1544 134 6
1544 235 7
1544 237 16
1544 255 4
1544 1010 4
1544 1804 5
1544 2053 5
1545 363 5
1545 1153 6
1545 1536 4
1546 304 5
1546 538 13
1546 715 5
1546 847 15
1546 1883 4
1547 1543 3
1548 35 8
1548 105 15
1548 403 13
1548 474 12
1548 678 9
1548 961 10
1548 1413 2
1548 1687 11
1548 1699 12
1548 1783 9
1548 1852 7
1549 919 2
1549 1029 2
1549 1324 2
1557 58 2
1557 70 2
1557 165 3
1557 320 8
1557 429 2
1557 904 3
1557 1041 2
1557 1062 5
1557 1279 2
1557 1460 3
1557 1717 2
1557 2151 4
1557 2155 2
1558 1926 7
1559 177 3
1560 193 23
1562 1260 5
1562 1285 7
1562 1498 8
1563 558 2
1563 1715 4
1564 776 2
1566 431 5
1566 544 11
1566 1630 5
1566 1829 5
1566 2000 6
1570 1699 2
1572 83 3
1572 1054 3
1572 1605 2
1574 22 2
1574 25 2
1574 87 3
1574 1238 4
1574 1606 5
1574 2035 3
1574 2161 2
1575 281 4
1575 1465 5
1575 1483 3
1576 237 2
1576 1076 4
1578 601 2
1579 1194 12
1579 2077 5
1580 1144 2
1580 1752 2
1581 300 5
1581 796 4
1581 1540 2
1582 82 3
1582 222 4
1582 1515 9
1582 1543 3
1582 1940 3
1586 433 5
1586 1436 9
1587 993 4
1588 773 2
1588 1195 2
1590 2006 8
1591 396 3
1592 251 11
1593 371 23
1595 165 4
1595 320 6
1595 1557 11
1595 2104 3
1595 2155 5
1599 57 13
1599 136 8
1599 293 9
1599 512 5
1599 569 8
1599 852 3
1599 1179 3
1599 1399 4
1599 1651 2
1599 1744 6
1599 1852 3
1599 1966 3
1599 2135 10
1600 45 5
1600 124 7
1600 253 2
1600 335 3
1600 905 8
1600 1825 2
1601 219 5
1602 1334 8
1603 1400 6
1603 2101 2
1604 350 2
1604 950 2
1604 1359 3
1604 1514 2
1604 1920 2
1606 55 3
1606 1519 6
1606 1646 6
1606 1998 4
1606 2087 2
1607 233 2
1608 324 10
1608 1690 3
1609 500 5
1609 601 2
1609 738 9
1609 739 7
1609 1162 6
1609 1229 2
1609 1526 2
1609 1612 9
1609 1832 11
1609 2080 7
1609 2081 8
1609 2132 6
1611 567 15
1612 143 5
1612 739 23
1612 1162 4
1612 1832 5
1613 1785 2
1615 126 2
1615 133 3
1615 194 3
1615 245 2
1615 664 3
1615 993 2
1615 1667 3
1615 1762 2
1615 1790 9
1616 294 4
1616 879 7
1616 2067 2
1616 2178 3
1617 393 2
1617 637 2
1617 1689 2
1617 1866 7
1618 66 2
1618 123 2
1618 236 2
1618 263 2
1618 473 2
1618 524 2
1618 611 2
1618 637 2
1618 678 4
1618 782 2
1618 854 2
1618 860 2
1618 1010 2
1618 1260 2
1618 1308 2
1618 1390 2
1618 1422 2
1618 1673 2
1618 1780 2
1618 2142 2
1619 98 5
1619 822 4
1619 1069 4
1619 2015 2
1620 779 10
1620 1542 5
1621 1639 15
1621 1683 15
1621 1884 17
1621 2164 11
1623 582 3
1623 1878 4
1626 343 2
1626 795 2
1626 806 4
1626 970 2
1626 1155 7
1626 1889 3
1626 1951 3
1626 2083 2
1626 2175 14
1627 516 20
1627 601 7
1629 337 3
1629 2184 2
1630 122 3
1630 193 6
1630 1785 4
1630 1829 4
1631 823 8
1631 2059 4
1632 662 3
1633 259 5
1633 1111 7
1633 1225 4
1633 1411 6
1638 165 6
1638 750 11
1638 805 6
1638 1062 4
1638 1445 6
1638 1801 5
1638 2151 4
1639 1683 9
1639 2164 9
1640 486 2
1641 1194 7
1641 1579 9
1642 1626 17
1643 1324 2
1646 1311 2
1648 455 3
1648 1626 3
1649 17 26
1649 2154 6
1653 1034 6
1653 1645 9
1656 135 2
1656 220 2
1656 231 2
1656 284 2
1656 333 10
1656 651 2
1656 719 2
1656 747 2
1656 809 2
1656 811 2
1656 912 2
1656 922 2
1656 967 2
1656 1130 3
1656 1174 2
1656 1467 2
1656 1746 2
1656 1766 2
1656 1809 2
1656 1815 2
1656 1900 2
1656 2043 2
1656 2115 5
1657 22 2
1657 263 2
1657 751 2
1657 923 2
1657 1523 2
1661 399 7
1661 753 6
1661 1763 5
1662 144 4
1662 156 6
1662 354 6
1662 470 6
1662 721 2
1662 753 4
1662 931 4
1662 1061 3
1662 1279 3
1662 1373 4
1662 1448 4
1662 1474 5
1662 1557 2
1662 1663 2
1662 1700 6
1662 1755 4
1662 1763 7
1662 1882 6
1662 1997 5
1663 102 16
1663 470 19
1663 2126 18
1665 1184 6
1666 213 3
1666 457 3
1666 667 3
1666 1158 3
1667 164 4
1667 712 3
1669 327 9
1669 2069 8
1670 444 2
1672 1231 2
1673 236 2
1673 452 2
1673 833 8
1673 865 8
1673 1153 4
1673 1163 8
1673 1223 5
1673 1229 9
1673 1238 2
1673 1261 2
1673 1914 6
1673 2133 10
1674 900 3
1676 154 3
1676 258 8
1676 327 3
1676 425 3
1676 522 3
1676 775 7
1676 1027 11
1676 1228 4
1676 1242 3
1676 1697 16
1676 1888 6
1680 26 10
1680 715 11
1680 1042 10
1680 1150 12
1680 1341 15
1680 1936 6
1680 2153 14
1682 1508 4
1682 2173 5
1683 1157 2
1684 15 6
1684 1525 12
1684 1699 3
1685 382 2
1685 439 4
1685 657 2
1685 721 4
1685 977 3
1685 1308 5
1686 558 6
1686 658 4
1686 1258 6
1687 452 3
1687 955 3
1687 1056 4
1689 722 2
1690 55 3
1690 158 2
1690 403 3
1690 474 3
1690 552 2
1690 682 8
1690 771 7
1690 783 5
1690 803 3
1690 819 7
1690 959 8
1690 1212 3
1690 1335 7
1690 1519 5
1690 1523 5
1690 1574 6
1690 1657 4
1690 1813 7
1690 1954 3
1690 1972 2
1690 2079 5
1690 2122 8
1693 470 6
1693 1663 5
1694 1539 2
1695 1001 6
1696 236 2
1696 473 2
1696 860 2
1699 123 2
1699 263 2
1699 350 2
1699 368 2
1699 496 5
1699 686 2
1699 783 4
1699 929 5
1699 948 2
1699 1052 3
1699 1223 2
1699 1237 2
1699 1242 5
1699 1525 2
1699 1616 2
1699 1687 3
1699 1789 2
1699 1848 3
1700 144 4
1700 583 4
1700 931 4
1700 1448 6
1700 1997 3
1701 57 3
1701 481 9
1701 1244 4
1701 1774 2
1703 907 11
1704 165 3
1704 1949 4
1704 2051 2
1705 496 8
1705 929 8
1705 1029 4
1705 1212 3
1705 1736 4
1706 849 3
1708 115 4
1708 235 4
1708 237 5
1708 255 4
1708 537 2
1708 1475 5
1708 1804 4
1708 1925 5
1708 1956 3
1708 2053 4
1709 988 6
1710 756 4
1712 770 3
1712 1312 3
1712 1694 3
1713 1265 3
1714 30 2
1716 10 2
1717 1062 3
1718 259 5
1718 383 6
1718 1111 8
1718 1225 6
1718 1411 6
1718 1633 7
1718 2128 6
1719 523 9
1722 546 2
1722 971 2
1722 1838 2
1725 1082 4
1726 127 3
1726 238 5
1726 718 2
1726 1731 3
1726 1976 3
1728 1246 8
1728 2110 6
1729 100 7
1729 133 2
1729 168 7
1729 299 14
1729 452 5
1729 637 2
1729 646 2
1729 803 2
1729 955 7
1729 1021 7
1729 1029 4
1729 1056 5
1729 1110 2
1729 1363 12
1729 1437 4
1729 1570 2
1729 1687 5
1729 1705 2
1729 1789 2
1729 1991 2
1729 2068 2
1729 2145 2
1731 1760 3
1733 116 2
1733 549 2
1734 1054 3
1734 1605 2
1735 966 5
1736 97 2
1736 105 3
1736 133 5
1736 183 2
1736 245 2
1736 263 2
1736 368 3
1736 393 2
1736 491 2
1736 637 4
1736 646 4
1736 657 2
1736 782 2
1736 860 3
1736 948 2
1736 1048 3
1736 1121 5
1736 1260 2
1736 1276 2
1736 1308 2
1736 1390 2
1736 1422 2
1736 1570 3
1736 1618 2
1736 1673 2
1736 1696 2
1736 1789 3
1736 1891 2
1736 1928 2
1736 1972 3
1736 1978 2
1736 2052 2
1736 2094 2
1736 2142 2
1736 2190 2
1737 221 3
1737 1149 3
1738 1436 4
1741 96 4
1742 981 3
1744 14 2
1744 171 2
1744 530 2
1744 1948 2
1749 433 8
1749 508 8
1749 648 6
1749 1354 10
1749 1356 8
1749 1436 9
1749 1491 8
1749 1586 5
1749 1738 11
1751 1091 15
1751 1589 3
1753 692 8
1754 914 29
1755 753 9
1755 1661 3
1755 2027 3
1756 731 2
1756 1635 8
1757 155 7
1757 219 3
1757 425 2
1757 524 6
1757 599 8
1757 912 8
1757 1131 6
1757 1184 6
1757 1601 2
1757 1665 4
1757 1826 6
1757 2041 6
1757 2191 9
1758 1263 6
1759 1172 5
1759 1395 2
1759 1532 12
1759 1923 8
1759 2066 8
1760 1191 2
1761 114 5
1761 324 8
1761 507 6
1761 881 2
1761 1608 12
1761 1899 7
1762 453 2
1762 601 2
1762 1696 2
1762 1755 5
1762 1960 6
1762 1988 4
1763 1432 7
1763 1755 9
1763 1891 3
1763 2027 18
1763 2131 9
1764 297 8
1764 843 14
1765 1995 2
1767 1312 4
1768 222 7
1768 790 4
1769 1125 4
1770 184 2
1771 168 6
1771 263 2
1771 1687 3
1771 1729 4
1771 1972 2
1772 1970 3
1776 193 4
1779 361 2
1780 60 7
1780 506 2
1780 512 2
1780 587 6
1780 1010 13
1780 1160 2
1780 1552 4
1780 2024 16
1780 2086 3
1781 589 7
1781 1073 11
1781 1616 4
1781 1941 7
1782 735 23
1782 1035 19
1782 1128 2
1783 105 6
1783 146 7
1783 403 8
1783 452 2
1783 474 5
1783 496 2
1783 676 2
1783 678 6
1783 860 2
1783 929 2
1783 961 6
1783 1052 2
1783 1223 2
1783 1242 2
1783 1397 3
1783 1527 2
1783 1570 2
1783 1690 2
1783 1699 8
1783 1771 2
1783 1852 2
1785 122 5
1785 431 4
1785 544 5
1785 564 5
1785 598 5
1785 949 4
1785 1047 5
1785 1566 4
1786 410 2
1786 628 8
1786 1414 3
1787 133 2
1787 1895 7
1787 1954 2
1787 1972 2
1788 1287 4
1789 105 5
1789 1242 4
1791 251 12
1791 608 4
1791 1592 5
1792 53 4
1792 127 5
1792 238 4
1792 727 4
1792 856 4
1792 964 4
1792 1160 6
1792 1275 3
1792 1675 2
1792 1976 4
1792 1978 3
1796 214 2
1801 38 11
1801 977 2
1801 1662 2
1801 1763 2
1801 1866 2
1802 257 6
1803 172 8
1804 134 5
1804 1250 5
1804 1475 5
1804 2053 4
1805 247 7
1805 601 2
1805 1045 18
1805 1852 5
1806 46 8
1806 168 13
1806 299 12
1806 452 10
1806 590 5
1806 955 11
1806 1029 10
1806 1056 10
1806 1274 17
1806 1437 9
1806 1687 8
1806 1729 12
1806 1771 5
1806 2005 15
1807 183 4
1807 236 2
1807 301 2
1807 302 3
1807 452 2
1807 488 3
1807 595 2
1807 722 2
1807 803 3
1807 854 2
1807 1029 2
1807 1082 2
1807 1121 2
1807 1222 2
1807 1386 2
1807 1427 2
1807 1475 2
1807 1736 3
1807 1827 2
1807 1978 2
1807 2053 2
1807 2142 2
1808 105 6
1808 405 10
1808 707 7
1808 1153 4
1808 1198 8
1808 1340 6
1808 1413 2
1808 1852 4
1808 2057 5
1808 2085 4
1811 689 3
1811 1764 2
1812 921 14
1812 1227 13
1812 2193 4
1813 132 4
1813 1606 4
1814 1187 2
1814 1940 3
1815 1030 15
1816 2071 5
1817 1233 6
1818 722 2
1819 991 4
1819 1694 3
1820 1534 4
1821 82 3
1821 586 2
1821 1798 2
1821 1929 2
1821 1947 4
1821 2104 2
1822 51 4
1822 360 7
1822 954 11
1822 1157 5
1823 6 3
1823 29 3
1823 110 4
1823 186 4
1823 200 2
1823 220 2
1823 222 5
1823 266 2
1823 285 3
1823 295 4
1823 311 4
1823 337 2
1823 477 2
1823 503 3
1823 613 3
1823 622 4
1823 732 4
1823 772 3
1823 936 2
1823 984 5
1823 994 2
1823 1009 4
1823 1058 3
1823 1090 4
1823 1102 5
1823 1304 2
1823 1449 3
1823 1543 3
1823 1584 2
1823 1768 4
1823 1821 8
1823 1830 2
1823 2127 4
1823 2152 4
1823 2176 4
1825 741 3
1827 115 5
1827 235 6
1827 237 5
1827 255 4
1827 652 7
1827 1076 3
1827 1372 2
1827 1475 8
1827 1804 5
1827 1956 6
1827 2053 4
1827 2068 4
1828 69 2
1828 162 2
1829 122 5
1829 193 2
1829 544 4
1829 598 5
1829 1047 7
1829 1785 4
1831 61 11
1831 1007 5
1831 1920 4
1832 1050 4
1833 1125 3
1835 1358 4
1836 1573 3
1837 1319 2
1838 1778 3
1839 4 4
1839 1077 5
1839 1868 4
1840 567 12
1840 1535 6
1840 1611 19
1840 2122 2
1841 236 3
1841 302 2
1841 803 7
1841 1121 4
1842 838 2
1842 1896 10
1844 216 5
1847 21 3
1847 44 2
1847 68 3
1847 105 2
1847 133 6
1847 152 2
1847 227 2
1847 234 2
1847 322 3
1847 359 2
1847 368 3
1847 393 3
1847 403 3
1847 415 3
1847 492 2
1847 496 4
1847 548 2
1847 637 3
1847 646 3
1847 660 2
1847 676 2
1847 679 2
1847 741 3
1847 860 3
1847 929 4
1847 948 4
1847 1001 3
1847 1010 9
1847 1052 3
1847 1237 3
1847 1609 3
1847 1613 2
1847 1695 4
1847 1699 4
1847 1705 4
1847 1743 2
1847 1752 2
1847 1927 2
1847 1928 3
1847 1998 3
1847 2142 2
1847 2162 2
1850 1440 3
1851 1109 2
1851 1551 2
1852 505 24
1852 995 2
1852 1295 2
1852 1340 3
1852 1565 3
1852 1721 2
1853 1780 4
1855 1294 3
1859 660 4
1859 932 8
1859 1129 4
1859 1206 4
1859 1238 4
1859 1998 4
1859 2141 5
1860 1202 6
1863 561 4
1863 1849 5
1863 1937 2
1866 263 2
1866 637 2
1866 1276 2
1866 1422 2
1866 1676 2
1866 1762 2
1867 319 6
1867 911 2
1867 1122 5
1867 1136 6
1867 1180 6
1867 1972 2
1867 2096 6
1867 2122 7
1868 319 2
1869 455 6
1869 1505 2
1871 854 5
1872 1187 3
1873 63 15
1873 100 13
1873 246 9
1873 299 20
1873 688 17
1873 777 11
1873 1021 16
1873 1274 4
1873 1363 17
1873 1729 14
1873 2005 19
1873 2172 8
1875 2069 6
1876 899 4
1876 1441 3
1879 1482 8
1880 2 2
1880 447 8
1880 505 2
1880 569 4
1880 1338 5
1880 1343 9
1880 1456 7
1882 1351 7
1882 1700 6
1883 847 2
1884 1639 9
1884 1683 18
1884 1752 2
1886 625 2
1887 1957 10
1888 327 6
1888 425 7
1888 522 5
1888 1177 6
1888 1228 4
1888 1253 4
1888 1428 3
1888 1434 5
1888 1875 4
1888 2069 11
1889 426 2
1891 263 2
1891 415 2
1891 453 2
1891 637 2
1891 654 2
1891 854 4
1891 929 2
1891 1261 2
1891 1384 7
1891 1427 2
1891 1499 6
1891 2016 4
1891 2186 4
1891 2190 2
1893 21 5
1895 803 2
1895 1736 2
1895 1972 2
1896 348 12
1897 2063 6
1898 757 2
1899 881 6
1899 1608 3
1903 243 4
1904 1261 3
1905 1450 6
1906 143 3
1907 518 7
1908 1 5
1909 53 2
1909 238 2
1909 1116 2
1909 1122 2
1909 1160 2
1909 1972 2
1912 1164 8
1913 228 3
1913 459 7
1913 570 6
1913 592 5
1913 633 4
1913 875 4
1913 909 7
1913 1096 5
1913 1205 6
1913 1323 4
1913 1413 2
1913 1933 4
1913 2159 6
1914 637 2
1914 1260 2
1916 271 2
1916 2056 6
1917 1168 3
1917 1996 3
1918 219 6
1918 327 10
1918 473 2
1918 860 2
1918 889 12
1918 1177 10
1918 1601 8
1918 1669 9
1918 1875 4
1919 516 2
1919 713 7
1919 827 8
1919 941 4
1919 1012 3
1919 1433 3
1919 1833 2
1920 350 4
1921 422 7
1921 774 27
1921 776 10
1921 964 3
1921 1082 3
1921 1330 4
1921 1955 2
1921 2007 6
1922 304 6
1922 538 12
1922 1015 17
1922 1416 10
1922 1546 22
1922 1883 6
1923 2007 2
1925 108 5
1925 235 8
1925 255 3
1925 652 4
1925 1222 4
1925 1475 5
1925 1804 4
1925 2053 3
1927 264 3
1928 133 3
1928 236 2
1928 245 2
1928 403 3
1928 637 3
1928 646 3
1928 1001 5
1928 1238 2
1928 1276 2
1928 1308 2
1928 1695 6
1929 82 3
1929 243 2
1929 606 2
1929 1072 2
1931 650 3
1933 471 4
1933 1205 3
1935 201 7
1935 459 5
1935 705 6
1935 1323 10
1935 1408 10
1935 1913 3
1935 2159 6
1939 335 8
1939 882 6
1939 1329 3
1939 1452 4
1939 2023 3
1940 977 5
1940 1515 4
1940 1663 5
1940 1693 8
1940 1842 2
1941 589 5
1941 1073 6
1941 1616 2
1944 331 4
1945 3 10
1945 918 13
1945 978 13
1945 1145 17
1945 1259 16
1945 1462 11
1946 892 8
1946 1258 4
1947 82 3
1947 186 2
1947 200 2
1947 295 2
1947 606 2
1947 613 2
1947 622 2
1947 861 2
1947 1090 2
1947 2152 2
1947 2176 2
1949 320 3
1949 835 2
1949 1460 2
1949 1662 2
1953 611 3
1953 659 10
1953 670 8
1953 689 2
1953 1685 2
1954 21 2
1954 22 2
1954 133 3
1954 234 2
1954 236 8
1954 302 14
1954 322 8
1954 332 12
1954 368 3
1954 438 10
1954 474 10
1954 637 2
1954 646 3
1954 803 19
1954 988 2
1954 1039 8
1954 1052 2
1954 1082 2
1954 1121 9
1954 1570 3
1954 1618 2
1954 1705 3
1954 1736 11
1954 1789 3
1954 1841 5
1954 1928 2
1956 108 14
1956 115 9
1956 134 4
1956 237 8
1956 255 4
1956 652 14
1956 1222 4
1956 1250 6
1956 1475 5
1956 1544 6
1956 1804 6
1956 1925 6
1956 2053 6
1956 2068 9
1957 94 4
1957 2026 5
1958 770 8
1958 991 14
1958 1438 9
1958 1524 9
1958 1538 17
1958 1539 16
1958 1694 18
1958 1712 8
1958 1819 11
1959 61 2
1959 358 2
1959 1007 2
1959 1053 2
1959 1122 4
1959 1136 2
1959 1275 2
1959 1514 2
1960 217 2
1960 801 6
1960 1440 3
1960 1891 2
1961 500 3
1961 2038 3
1961 2132 3
1962 103 6
1962 1262 11
1962 1518 3
1962 1959 7
1962 2034 2
1964 1278 12
1965 1125 6
1967 1984 9
1969 1197 2
1971 481 5
1971 1774 2
1972 377 2
1972 1657 4
1972 1860 7
1972 2115 3
1973 1915 2
1974 1810 8
1975 1619 2
1976 218 4
1976 319 4
1976 929 3
1976 1116 3
1976 1122 3
1976 1160 5
1976 1275 3
1976 1333 3
1976 1382 4
1976 1972 2
1977 286 3
1977 396 14
1978 263 2
1978 277 2
1978 415 3
1978 453 2
1978 533 2
1978 585 3
1978 595 3
1978 785 8
1978 1007 6
1978 1143 2
1978 1191 2
1978 1390 3
1978 1427 3
1978 1762 2
1978 1786 2
1978 2190 3
1980 64 7
1981 373 3
1981 639 4
1982 601 5
1985 426 3
1985 899 2
1985 1626 4
1985 1889 4
1987 1418 5
1988 725 3
1988 801 14
1988 1440 12
1989 1731 6
1992 444 2
1993 576 14
1993 2185 2
1997 70 4
1997 1211 2
1998 35 2
1998 46 2
1998 97 2
1998 133 5
1998 183 2
1998 245 2
1998 263 2
1998 393 2
1998 403 3
1998 422 2
1998 450 2
1998 474 3
1998 491 2
1998 524 2
1998 585 2
1998 632 2
1998 637 4
1998 646 4
1998 657 2
1998 678 2
1998 860 2
1998 948 3
1998 1027 2
1998 1189 2
1998 1191 2
1998 1260 3
1998 1276 2
1998 1390 2
1998 1615 4
1998 1618 2
1998 1673 2
1998 1696 2
1998 1807 3
1998 1891 2
1998 1914 2
1998 1928 2
1998 2068 3
1998 2094 3
1998 2142 2
1999 98 3
1999 822 5
1999 1069 3
1999 1619 4
2000 122 6
2000 193 8
2000 544 5
2000 564 6
2000 949 4
2000 1047 5
2000 1352 6
2000 1630 6
2000 1785 7
2000 1829 4
2000 2012 3
2003 193 4
2004 123 3
2004 595 5
2004 733 9
2004 968 13
2004 1252 11
2004 1961 10
2004 2080 10
2004 2132 9
2005 63 8
2005 100 10
2005 168 6
2005 452 6
2005 955 8
2005 1029 8
2005 1056 7
2005 1222 3
2005 1274 13
2005 1363 12
2005 1437 6
2005 1729 13
2006 216 5
2006 499 6
2006 677 6
2006 1844 6
2007 2098 6
2010 346 4
2010 784 3
2010 1027 3
2010 1390 3
2010 1676 9
2010 1721 3
2010 2025 8
2010 2062 3
2012 564 4
2012 573 20
2012 878 4
2012 1630 4
2013 1136 9
2014 2056 7
2015 1999 2
2018 684 3
2018 1023 10
2019 525 2
2019 1540 4
2020 174 3
2020 944 4
2020 1862 4
2022 164 2
2022 194 3
2022 664 2
2022 1480 7
2023 1329 2
2023 1694 2
2024 263 2
2024 722 2
2025 702 3
2025 784 16
2025 1226 14
2025 1721 13
2025 2116 5
2026 1887 5
2027 753 6
2027 1662 4
2027 1891 5
2028 338 8
2028 743 6
2028 868 6
2028 888 2
2028 921 8
2028 1227 5
2028 1812 11
2028 1916 13
2028 2056 4
2029 882 4
2032 1229 4
2034 1959 4
2035 523 2
2035 678 2
2035 783 5
2035 959 6
2035 1212 2
2035 1657 2
2035 1972 2
2035 2079 4
2035 2122 5
2036 116 2
2037 193 11
2037 1172 3
2038 107 4
2038 968 5
2038 1050 3
2039 2094 6
2040 1034 7
2040 1645 10
2040 1653 8
2040 2117 8
2041 846 3
2041 912 7
2042 5 5
2042 763 8
2046 952 6
2050 1567 2
2051 165 2
2051 320 2
2051 1662 2
2052 452 2
2052 459 5
2052 471 4
2052 570 4
2052 592 5
2052 633 5
2052 875 5
2052 1205 7
2052 1714 2
2052 2033 3
2052 2159 5
2053 925 3
2053 1029 2
2053 1250 8
2053 1327 3
2053 1475 7
2053 1609 2
2055 61 9
2055 802 2
2055 1959 4
2056 271 17
2056 743 8
2057 1340 5
2057 1374 4
2057 1852 2
2057 2085 14
2058 319 3
2058 601 2
2058 1300 8
2058 1959 10
2059 647 10
2059 975 9
2060 528 6
2061 1726 7
2062 657 2
2064 1907 6
2064 2110 3
2064 2174 2
2065 935 8
2067 589 3
2067 841 10
2067 1073 10
2067 1781 8
2067 1941 9
2067 2178 9
2068 68 2
2068 108 4
2068 133 2
2068 255 8
2068 263 2
2068 344 2
2068 415 2
2068 474 2
2068 524 2
2068 585 2
2068 637 3
2068 646 3
2068 652 9
2068 678 3
2068 733 2
2068 833 2
2068 925 3
2068 929 2
2068 950 2
2068 1260 2
2068 1274 3
2068 1390 2
2068 1499 2
2068 1762 2
2068 1804 7
2068 1866 2
2068 1978 3
2068 2094 2
2069 219 9
2069 1601 6
2069 1757 7
2069 1918 8
2070 225 2
2072 924 7
2073 173 13
2073 1137 4
2074 1234 6
2074 1324 4
2076 603 8
2078 1279 3
2079 164 3
2080 585 3
2080 968 5
2080 1010 13
2080 1162 5
2080 1832 5
2080 1961 5
2080 2132 4
2080 2141 2
2080 2172 5
2081 500 4
2081 585 5
2081 711 5
2081 738 4
2081 739 7
2081 1010 9
2081 1050 3
2081 1612 6
2081 1832 7
2081 2080 7
2081 2132 7
2084 190 5
2084 741 2
2085 105 4
2085 1340 4
2085 1852 3
2089 233 2
2089 1066 7
2090 382 4
2090 439 10
2090 721 14
2090 1308 10
2090 1319 21
2090 1685 6
2091 68 12
2091 133 9
2091 148 3
2091 230 2
2091 236 4
2091 245 4
2091 263 2
2091 286 2
2091 302 6
2091 403 3
2091 488 11
2091 514 3
2091 585 4
2091 637 7
2091 646 7
2091 657 4
2091 739 2
2091 803 3
2091 860 3
2091 923 4
2091 929 2
2091 948 4
2091 950 5
2091 985 4
2091 1076 3
2091 1082 3
2091 1122 3
2091 1191 2
2091 1211 4
2091 1229 8
2091 1237 13
2091 1276 2
2091 1308 4
2091 1386 11
2091 1390 5
2091 1422 4
2091 1499 4
2091 1604 4
2091 1617 3
2091 1673 2
2091 1736 4
2091 1847 8
2091 1866 3
2091 1923 2
2091 1928 2
2091 1953 4
2091 1978 4
2091 2068 4
2091 2133 4
2091 2142 2
2091 2145 3
2091 2190 4
2093 693 2
2094 8 4
2094 97 2
2094 120 2
2094 133 4
2094 232 3
2094 236 2
2094 278 4
2094 342 5
2094 393 2
2094 415 2
2094 473 2
2094 496 4
2094 524 2
2094 585 2
2094 624 4
2094 637 4
2094 646 4
2094 722 2
2094 737 2
2094 929 4
2094 937 2
2094 1004 2
2094 1189 2
2094 1260 2
2094 1390 2
2094 1499 2
2094 1569 3
2094 1618 3
2094 1673 2
2094 1696 3
2094 1718 4
2094 1762 2
2094 1780 2
2094 1866 2
2094 1891 2
2094 1923 2
2094 1928 2
2094 2017 2
2094 2190 2
2095 1099 3
2095 1332 5
2096 53 8
2096 79 5
2096 159 4
2096 319 8
2096 358 6
2096 635 4
2096 842 9
2096 870 4
2096 1116 6
2096 1122 7
2096 1136 7
2096 1170 5
2096 1213 5
2096 1276 3
2096 1333 9
2096 1367 4
2096 1490 2
2096 1679 4
2096 1760 4
2096 1909 4
2096 1959 4
2097 1981 3
2099 241 4
2100 1383 3
2102 41 3
2102 189 3
2103 380 2
2103 1726 6
2104 320 3
2104 429 5
2104 873 2
2104 1062 4
2104 1261 5
2104 1375 2
2104 1557 4
2104 1567 2
2104 1717 6
2104 1891 3
2104 2078 6
2105 124 2
2105 225 2
2105 728 2
2105 884 6
2105 1981 2
2106 853 4
2106 1515 3
2106 1582 11
2109 1088 3
2115 1783 2
2117 945 9
2117 1034 7
2117 1645 10
2117 1653 6
2119 601 4
2119 698 2
2120 558 2
2121 2114 3
2122 614 8
2122 676 4
2122 699 4
2122 717 7
2122 783 5
2122 846 2
2122 932 5
2122 959 6
2122 989 4
2122 1046 4
2122 1143 3
2122 1170 8
2122 1237 2
2122 1238 4
2122 1264 3
2122 1657 5
2122 1666 4
2122 1771 4
2122 1891 3
2122 1972 2
2122 1998 5
2122 2096 6
2123 251 9
2123 608 4
2123 1592 7
2123 1791 5
2124 407 5
2127 311 9
2127 503 3
2128 259 5
2128 601 2
2128 1111 7
2128 1225 6
2128 1633 3
2129 1759 11
2129 1923 3
2131 753 4
2132 1832 6
2133 30 2
2133 394 4
2133 1514 2
2133 1867 3
2135 2 2
2135 569 4
2136 1055 2
2137 147 5
2138 421 4
2139 228 5
2139 459 5
2139 570 7
2139 909 8
2139 1205 7
2139 1413 2
2139 1913 7
2139 1933 3
2139 2159 6
2140 865 3
2141 35 2
2141 97 2
2141 133 4
2141 245 2
2141 263 2
2141 393 3
2141 474 3
2141 501 2
2141 524 2
2141 585 2
2141 632 2
2141 637 4
2141 646 4
2141 678 2
2141 782 4
2141 860 2
2141 948 3
2141 1027 2
2141 1189 2
2141 1191 2
2141 1260 3
2141 1276 2
2141 1427 2
2141 1499 2
2141 1615 3
2141 1618 2
2141 1652 2
2141 1673 2
2141 1807 3
2141 1852 2
2141 1891 3
2141 1914 2
2141 1928 2
2141 1994 2
2141 1998 6
2141 2068 3
2141 2094 2
2141 2142 2
2142 97 2
2142 108 4
2142 123 2
2142 133 2
2142 236 2
2142 237 4
2142 255 4
2142 263 2
2142 270 2
2142 368 3
2142 415 2
2142 473 2
2142 637 3
2142 646 4
2142 652 4
2142 654 2
2142 925 5
2142 1260 2
2142 1570 3
2142 1696 2
2142 1699 2
2142 1762 2
2142 1789 3
2142 1804 6
2142 1827 4
2142 2053 3
2142 2068 5
2143 558 4
2143 1563 8
2143 1715 4
2144 24 7
2144 44 4
2144 72 4
2144 464 3
2144 667 3
2144 997 8
2144 1158 5
2145 183 9
2145 236 2
2145 720 11
2145 803 3
2145 1055 7
2145 1222 2
2145 1427 2
2145 1807 4
2147 345 4
2147 1963 3
2148 420 7
2148 437 2
2148 1122 4
2148 1296 4
2149 558 2
2149 1720 2
2151 58 2
2151 70 6
2151 144 5
2151 165 4
2151 289 8
2151 344 4
2151 429 11
2151 521 6
2151 545 5
2151 787 4
2151 924 4
2151 931 6
2151 1000 7
2151 1062 4
2151 1120 5
2151 1211 9
2151 1279 18
2151 1561 5
2151 1662 3
2151 1704 3
2151 1707 7
2151 1938 5
2151 1949 4
2151 1997 6
2151 2051 3
2151 2072 2
2151 2104 4
2153 26 7
2153 1042 10
2153 1150 13
2153 1936 4
2158 1005 3
2158 1122 6
2158 1242 3
2159 459 6
2159 1205 8
2159 1323 5
2162 2161 2
2164 1683 11
2164 1884 15
2165 1478 3
2167 56 3
2167 195 4
2167 1845 2
2168 1736 2
2170 142 2
2170 812 5
2170 819 2
2170 989 3
2170 1574 2
2171 45 4
2171 124 7
2172 63 3
2172 105 5
2172 115 2
2172 201 2
2172 237 3
2172 459 4
2172 705 3
2172 1022 2
2172 1162 7
2172 1323 5
2172 1340 4
2172 1404 3
2172 1408 3
2172 1714 6
2172 1832 5
2172 1852 3
2172 1935 6
2172 2053 3
2172 2159 2
2173 630 6
2173 1508 7
2174 653 4
2175 516 6
2175 601 6
2177 511 2
2178 589 3
2178 1073 5
2178 1781 7
2178 1941 9
2179 287 2
2179 1240 3
2181 1220 9
2183 1375 2
2183 1891 2
2184 1112 7
2184 2125 2
2186 415 2
2186 782 2
2186 1027 2
2186 1189 2
2186 1390 2
2186 1543 3
2186 1762 2
2186 2190 2
2190 123 2
2190 236 2
2190 239 4
2190 637 2
2190 775 5
2190 782 2
2190 1027 7
2190 1177 7
2190 1191 2
2190 1276 2
2190 1696 2
2190 1888 5
2191 599 5
2191 1184 3
2191 1665 4
2192 591 4
2194 164 4
2194 1297 4
2194 1790 5
