1 1467 10
2 817 8
4 1441 4
4 1608 3
6 930 5
6 2219 3
9 1732 6
10 1081 6
12 497 5
13 187 7
13 413 3
13 493 4
13 670 3
13 1335 18
13 1638 16
13 1832 3
13 2012 19
14 107 4
14 1293 3
14 1379 11
14 1478 9
15 60 3
16 220 6
17 200 14
17 423 4
17 671 3
19 55 8
19 1646 7
19 2213 5
20 216 4
20 475 6
20 1313 4
20 2146 6
20 2184 3
20 2197 3
21 661 4
21 970 3
21 1108 4
21 2143 7
22 362 8
22 490 13
22 964 5
22 1059 14
23 1580 6
24 587 5
25 383 5
25 1214 3
29 2130 4
30 14 11
30 242 4
30 1020 7
32 713 3
32 978 4
32 1050 3
32 1284 4
32 1470 4
33 958 3
33 1257 5
33 1931 9
33 2121 4
33 2156 3
33 2263 4
34 2283 6
35 901 5
37 878 3
37 1320 8
37 1383 3
37 1412 4
37 2137 4
38 495 4
38 511 5
38 787 3
38 1093 6
38 1407 3
38 1455 4
38 2081 4
38 2210 7
39 2313 3
40 768 7
41 738 3
41 2243 3
42 2280 11
43 362 3
43 490 3
44 354 14
44 1267 6
44 1654 12
45 418 11
45 618 17
45 870 5
45 924 5
45 962 4
45 1095 5
45 1197 6
45 1403 14
45 1450 3
45 1780 6
45 1791 6
45 2098 20
46 1292 10
47 2160 6
48 246 3
48 491 4
48 1741 3
49 304 3
49 318 3
49 323 4
49 343 3
49 461 4
49 1225 3
49 1748 3
49 1976 5
49 2113 3
50 190 6
51 13 4
51 239 7
51 505 9
51 629 11
51 849 5
51 1247 3
51 1735 3
51 2078 6
51 2238 3
51 2288 3
52 45 8
52 257 6
52 418 6
52 618 6
52 645 4
52 870 5
52 924 14
52 962 3
52 999 5
52 1057 9
52 1095 6
52 1197 6
52 1403 4
52 1780 9
52 1789 14
52 1791 4
52 1887 3
52 2282 3
53 1167 3
55 1617 4
55 2302 3
56 1102 5
56 1578 3
56 1762 3
57 565 3
57 1488 3
57 1661 5
57 2207 3
57 2262 5
59 566 3
59 747 5
61 340 4
62 1014 3
63 125 3
63 165 5
63 263 5
63 395 3
63 601 3
63 678 3
63 839 3
63 860 3
63 953 4
63 1083 4
63 1161 3
63 1222 4
63 1344 3
63 1368 5
63 1409 3
63 1570 4
63 1606 4
63 1689 3
63 1837 3
63 2216 3
63 2303 4
65 1297 15
66 491 6
66 1810 5
66 2016 4
68 66 4
68 163 8
68 491 3
68 1583 4
68 1803 3
69 1110 4
69 1263 7
70 122 3
70 209 6
70 452 3
70 798 3
70 883 3
70 1064 3
70 1753 3
72 848 5
73 494 3
73 575 3
73 706 3
73 937 3
73 1098 5
73 1110 5
73 1114 5
73 2010 3
73 2183 5
73 2193 4
73 2307 3
74 212 4
74 965 7
74 1101 4
74 1395 5
74 1424 8
74 1858 3
74 2285 4
75 2018 7
76 268 4
77 109 5
77 391 4
77 927 10
77 1427 9
77 1692 6
77 2302 6
80 176 7
80 479 8
80 565 6
80 1128 6
80 1627 5
80 1661 8
80 2207 6
81 45 3
81 130 5
81 206 5
81 521 4
81 563 3
81 603 6
81 634 3
81 760 4
81 1066 3
81 1118 3
81 1128 5
81 1207 3
81 1232 3
81 1349 5
81 1361 3
81 1367 3
81 1392 3
81 1565 3
81 1725 7
81 1846 4
81 1874 6
81 2060 3
81 2068 3
81 2083 3
82 517 5
82 1717 3
83 996 5
83 1964 6
83 2075 3
84 469 6
87 861 7
87 936 4
87 1166 5
89 1 6
89 1467 9
90 319 9
90 820 13
90 1214 10
90 1735 6
90 2078 13
90 2288 7
91 1 6
91 89 7
91 701 4
91 1467 8
92 252 4
92 253 5
92 331 7
92 347 7
92 399 3
92 468 3
92 530 5
92 534 5
92 681 3
92 702 4
92 753 3
92 789 6
92 1207 3
92 1254 10
92 1632 4
92 2005 3
92 2065 5
92 2281 6
92 2282 8
94 1352 3
95 902 5
95 1724 3
98 716 4
99 1874 3
100 121 3
100 410 6
100 517 8
100 1113 5
100 1121 4
100 1343 7
100 1360 5
100 1392 5
100 1618 4
100 1677 11
100 1717 5
100 1814 7
101 57 8
101 80 9
101 479 13
101 565 10
101 955 11
101 1128 15
101 1232 7
101 1627 12
101 1661 12
101 1679 3
101 2078 3
101 2195 4
101 2207 9
101 2288 3
102 481 4
103 187 3
103 741 4
103 1924 7
104 269 3
104 283 9
104 711 8
104 1286 3
104 1521 10
104 1697 5
104 1715 8
104 1759 9
104 2257 3
108 725 3
108 754 3
109 398 4
110 1784 9
110 2040 7
113 1496 6
114 1693 26
114 1795 9
115 357 3
116 90 5
116 1590 7
117 1839 4
117 2309 6
118 1888 4
118 2249 4
119 1835 9
121 1349 3
121 2176 6
122 452 11
122 823 5
122 883 3
122 1152 4
123 704 7
124 38 15
124 134 4
124 389 7
124 511 6
124 803 6
124 850 3
124 1150 5
124 1214 3
124 1454 4
124 1488 6
124 1769 3
124 2005 4
124 2044 6
124 2051 4
124 2108 3
124 2142 5
124 2297 6
125 263 6
125 466 5
125 676 6
125 749 4
125 804 5
125 860 7
125 961 5
125 1083 4
125 1133 8
125 1161 6
125 1606 3
125 1867 3
125 1938 4
125 2027 6
128 513 5
128 556 5
128 727 4
128 844 7
128 1295 5
128 1838 7
128 2064 5
129 100 8
129 121 4
129 166 13
129 410 6
129 1113 4
129 1121 4
129 1343 6
129 1392 4
129 1476 3
129 1618 5
129 1677 4
129 1814 5
130 1184 5
130 1276 4
130 1565 10
130 2060 5
131 1112 3
131 1266 3
131 1538 3
132 789 3
132 955 3
132 1045 5
132 1254 3
132 1477 7
132 2017 5
132 2281 5
133 66 15
133 291 4
133 1496 3
133 1810 4
133 2016 5
138 2294 3
139 761 6
139 795 5
139 803 4
139 998 5
139 1076 3
139 1150 4
139 1219 4
139 1303 3
139 1424 3
139 1488 4
139 1627 3
139 1679 3
139 1780 3
139 1797 3
139 2044 3
139 2285 3
140 305 4
141 1289 3
142 2176 4
144 1456 3
145 346 3
145 1924 4
146 308 3
146 755 4
146 1030 3
146 1145 3
146 1180 3
146 1284 3
146 1617 3
146 1621 3
146 1653 3
146 2101 3
146 2167 5
147 273 3
147 286 3
147 707 3
147 2170 8
148 6 6
148 79 3
148 139 6
148 180 7
148 264 3
148 279 13
148 309 5
148 359 4
148 379 8
148 459 4
148 460 4
148 479 3
148 545 7
148 565 3
148 751 5
148 761 4
148 764 4
148 792 6
148 795 5
148 815 8
148 854 3
148 928 4
148 965 4
148 998 6
148 1045 3
148 1064 3
148 1076 3
148 1101 4
148 1119 3
148 1154 5
148 1159 4
148 1219 4
148 1310 3
148 1351 7
148 1374 7
148 1381 3
148 1424 3
148 1479 7
148 1507 6
148 1569 5
148 1595 5
148 1627 3
148 1661 3
148 1678 6
148 1679 3
148 1785 5
148 1825 7
148 1955 8
148 1967 4
148 2108 3
148 2130 3
148 2134 5
148 2146 5
148 2151 3
148 2236 3
148 2285 4
148 2297 6
149 255 3
151 1127 3
152 846 3
156 417 13
156 549 3
156 1604 3
156 1858 3
157 456 5
157 632 5
157 758 5
157 842 4
157 1324 5
157 1462 4
157 1560 4
157 2133 5
158 239 4
158 2186 9
161 148 5
161 1962 7
161 2150 3
161 2192 3
162 597 4
162 1019 6
163 66 3
163 694 3
163 1810 5
163 2015 6
164 511 4
164 1064 3
164 1103 3
164 1582 4
164 1753 3
165 263 5
165 395 3
165 397 3
165 890 6
165 994 4
165 1083 4
165 1222 4
165 1368 4
165 1409 3
165 1606 3
165 1667 5
165 1837 3
165 1938 3
165 2216 3
165 2303 3
166 100 3
166 410 5
166 1343 3
166 2177 3
167 17 3
167 400 6
168 879 6
170 329 6
170 1429 4
171 1419 6
173 1641 5
174 23 9
174 378 8
174 914 6
174 1580 5
175 742 7
175 973 4
176 101 14
176 479 9
176 565 6
176 955 4
176 1232 4
176 1627 8
176 1661 12
176 2207 8
178 500 11
178 1155 7
178 1350 8
179 1055 15
180 279 6
180 930 5
181 542 4
181 979 4
181 1671 4
183 464 5
183 1541 4
184 2267 12
185 707 3
186 110 3
186 678 3
187 577 3
187 586 3
187 676 4
187 796 3
187 1201 3
187 1340 3
189 982 3
190 294 9
190 926 13
190 1600 7
190 1980 5
191 74 7
191 212 3
191 965 4
191 1424 4
191 2285 3
192 1009 3
194 14 5
194 1608 7
194 2263 20
196 733 6
197 1385 3
198 996 5
200 423 5
201 1492 22
201 1871 3
201 1917 4
204 1782 3
205 475 16
205 1628 4
206 1632 11
206 2065 5
207 1131 5
208 139 3
208 407 3
208 566 3
208 713 3
208 761 3
208 785 3
208 795 3
208 963 3
208 998 3
208 1050 3
208 1177 3
208 1180 3
208 1232 3
208 1252 3
208 1372 3
208 1536 3
208 1785 3
208 1848 3
208 1967 3
208 2013 3
208 2072 3
208 2130 3
208 2229 4
209 573 4
209 883 4
209 1223 5
210 919 3
210 1820 3
211 128 3
211 513 10
211 708 4
211 844 3
211 1295 6
211 1979 4
212 1395 4
213 482 7
213 661 3
213 970 7
213 1069 4
213 1311 4
213 1567 5
215 1526 20
216 151 6
216 1127 12
216 1571 19
218 1181 3
218 1484 3
219 900 6
221 37 3
221 69 4
221 111 4
221 267 9
221 709 3
221 739 6
221 884 4
221 968 3
221 1110 3
221 1114 4
221 1263 4
221 1383 6
221 1466 4
221 2008 6
221 2030 5
221 2088 3
221 2158 4
221 2193 3
221 2293 4
222 1216 4
223 983 7
224 2154 8
227 388 13
227 801 6
227 1666 4
227 1927 4
227 2022 3
227 2227 4
228 234 4
229 804 3
229 2000 3
230 64 4
231 1000 6
231 1538 4
232 583 7
232 919 6
232 1820 3
234 14 7
234 96 23
234 406 4
234 2072 4
235 1498 4
236 575 6
236 748 4
236 802 3
236 1114 4
238 45 4
238 318 5
238 331 3
238 530 3
238 973 12
238 1450 7
238 1553 7
238 1632 3
238 1826 4
238 2042 24
239 244 9
239 440 9
239 629 12
239 637 5
239 1326 3
239 1388 4
239 1679 6
240 42 7
240 465 8
240 958 11
240 1257 14
240 2121 13
241 287 6
241 816 7
241 1170 7
241 1203 6
241 1256 5
241 2057 6
244 898 3
244 1068 6
244 1853 5
244 1897 3
244 2299 3
245 1286 4
246 435 3
246 491 7
247 17 3
247 1431 3
248 2261 3
250 828 11
251 2129 3
253 252 6
253 347 5
253 2281 3
255 1629 3
256 38 5
256 204 3
256 495 6
256 511 13
256 735 3
256 775 3
256 1093 3
256 1183 4
256 1508 6
256 1644 5
256 1833 3
257 45 16
257 418 5
257 604 4
257 618 4
257 645 4
257 870 4
257 924 4
257 962 3
257 999 4
257 1057 6
257 1095 5
257 1197 3
257 1403 4
257 1450 3
257 1780 5
257 1789 4
257 1791 6
257 1887 3
257 2098 7
257 2176 4
257 2282 3
258 234 7
259 93 5
259 193 5
259 866 5
259 1227 8
259 1348 3
259 1648 8
259 1687 6
260 171 4
260 181 3
260 302 3
260 542 5
260 700 6
260 873 7
260 979 3
260 1419 4
260 1491 3
260 1671 3
260 1709 4
260 1831 8
261 205 4
262 232 4
262 583 4
262 1154 4
262 1820 7
262 1999 4
263 229 4
263 397 3
263 466 3
263 635 3
263 746 3
263 780 3
263 804 3
263 874 4
263 890 5
263 896 3
263 953 4
263 961 4
263 994 3
263 1083 4
263 1161 5
263 1344 3
263 1368 4
263 1390 4
263 1938 3
263 2000 3
263 2027 3
263 2216 3
264 74 5
264 1101 5
264 1424 4
264 2285 4
265 1681 3
267 37 4
267 69 3
267 430 8
267 884 7
267 1110 3
267 1114 4
267 1263 4
267 1383 7
267 1446 6
267 1466 8
267 1744 5
267 2008 7
270 334 3
270 1079 6
270 1339 10
270 1521 3
270 1759 3
270 1974 9
270 2257 7
272 671 4
272 1609 3
274 488 4
275 909 6
275 1090 3
277 7 3
277 250 7
277 828 9
277 967 5
277 1925 4
278 1359 6
279 161 4
279 460 6
279 998 4
279 1496 5
279 2146 6
279 2151 3
280 69 6
280 267 4
280 721 3
280 739 3
280 782 11
280 937 3
280 1071 5
280 1098 5
280 1110 6
280 1263 6
280 2010 5
280 2193 4
280 2293 4
281 1895 3
283 225 3
283 270 4
283 382 3
283 678 3
283 711 7
283 781 3
283 827 3
283 994 3
283 1079 3
283 1286 5
283 1521 9
283 1570 3
283 1697 4
283 1759 8
286 845 4
286 1212 5
286 1769 3
287 1203 4
288 115 4
288 357 8
288 520 7
288 639 6
288 788 6
288 1149 8
288 1432 10
288 1459 7
288 1757 10
288 1846 7
288 1863 7
288 1936 10
288 2162 4
289 364 4
289 1883 3
290 697 7
291 163 4
291 491 4
291 891 13
291 1810 10
291 2016 13
292 37 4
292 221 6
292 267 6
292 709 3
292 739 5
292 884 5
292 1110 4
292 1114 4
292 1383 4
292 1412 6
292 1635 3
292 1764 4
292 1860 3
292 2008 4
292 2030 3
292 2137 9
292 2293 5
293 331 7
293 530 7
293 531 6
293 1439 5
293 1632 9
293 1908 8
294 50 4
294 1600 9
295 155 3
295 182 3
295 527 3
295 876 3
295 1087 3
295 1091 4
295 1178 3
295 1345 3
295 1978 3
295 2226 3
296 1857 11
297 2205 5
298 799 5
298 1514 4
298 1601 4
298 2078 4
298 2108 3
298 2298 3
299 1278 4
303 28 3
303 1191 3
303 1608 3
304 323 3
304 532 3
304 1822 6
304 2113 3
305 750 5
305 905 5
305 1046 14
305 1554 16
305 1729 7
305 1870 13
306 1923 5
307 1174 7
308 935 6
308 1145 3
308 1731 6
308 2272 4
309 379 3
309 479 3
309 1101 3
309 1150 5
309 1154 3
309 1381 13
309 1424 4
309 1488 5
309 1490 3
309 1569 7
309 1825 3
309 2044 5
309 2197 3
309 2285 3
309 2297 5
310 1486 5
311 1334 4
313 1062 4
314 1289 3
315 734 3
315 1034 4
316 389 5
316 803 3
316 1002 4
316 1585 3
318 1748 3
319 657 11
319 809 3
319 820 3
319 1590 3
320 362 4
320 490 5
322 1090 8
322 1963 10
323 343 5
323 765 3
324 1364 3
327 1545 7
329 1296 7
329 1388 9
330 1895 4
331 206 5
331 252 7
331 253 9
331 347 9
331 468 11
331 530 16
331 534 11
331 702 7
331 753 8
331 955 3
331 1254 6
331 1439 8
331 2065 16
331 2281 5
331 2282 14
336 341 5
339 81 5
339 121 4
339 442 4
339 917 6
339 1207 7
339 1349 7
339 1360 3
339 1392 7
339 1549 5
339 1619 5
339 1725 5
339 1814 7
339 2176 9
341 1734 9
343 2113 3
343 2116 3
344 256 8
344 1644 11
344 2035 3
344 2099 4
345 627 4
346 1765 3
347 252 6
347 265 4
347 399 5
347 702 4
347 753 7
347 955 5
347 1184 3
347 1197 3
347 1214 10
347 1254 13
347 1735 7
347 1874 4
347 2078 7
347 2108 5
347 2282 29
347 2288 4
348 1318 4
348 1584 5
350 1072 4
354 1342 4
356 578 8
356 774 5
357 2186 3
361 1382 4
362 195 4
362 490 20
362 800 10
362 964 16
363 717 5
363 1448 7
363 1718 4
363 1871 6
363 2033 3
363 2107 5
363 2218 6
364 1971 5
365 1290 11
366 414 3
366 1059 3
366 1808 3
367 1983 3
368 940 5
368 1073 5
370 980 3
376 556 3
376 1838 3
377 853 21
378 23 9
378 914 6
378 939 12
378 1580 6
379 6 3
379 51 4
379 86 4
379 139 4
379 359 5
379 389 6
379 459 7
379 511 4
379 751 5
379 787 4
379 795 4
379 928 5
379 930 4
379 935 4
379 998 5
379 1154 8
379 1407 5
379 1479 4
379 1542 3
379 1559 4
379 1825 8
379 1875 3
379 1955 6
379 1967 5
379 2219 4
379 2281 4
379 2301 3
384 713 3
384 1177 5
384 1536 4
384 1679 3
385 1216 4
387 1260 4
387 1531 5
388 148 3
388 992 10
389 38 10
389 108 5
389 428 4
389 463 6
389 511 7
389 725 9
389 775 8
389 932 3
389 938 5
389 1014 4
389 1093 4
389 1103 4
389 1154 5
389 1272 9
389 1370 7
389 1585 8
389 1777 4
389 1782 4
389 1859 4
389 1965 3
389 2032 6
389 2122 4
389 2142 4
390 167 5
391 1427 4
391 2302 8
393 2161 3
394 1033 4
396 138 10
396 2294 13
397 63 3
397 601 5
397 860 3
397 953 3
397 1083 4
397 1409 3
397 1606 4
397 1689 3
397 1837 3
397 2216 3
398 1190 11
398 1195 3
399 75 8
399 612 5
399 713 3
399 747 3
399 1221 3
399 2018 14
399 2119 6
399 2130 3
401 1556 9
402 1572 3
403 648 5
404 1224 4
405 434 19
405 498 3
405 665 8
405 1294 21
405 1535 9
405 1691 3
407 286 9
407 305 11
407 511 3
407 1454 3
407 1679 3
407 1870 4
407 1949 3
408 45 4
408 52 3
408 418 6
408 604 5
408 609 4
408 645 4
408 924 4
408 1076 3
408 1095 3
408 1150 4
408 1488 3
408 1780 5
408 1789 4
408 1797 3
408 2044 3
410 1121 4
411 1620 8
412 1566 3
413 649 13
413 1832 11
413 2089 9
413 2196 15
414 659 6
415 904 5
415 1213 5
415 1353 4
415 1599 4
415 1702 4
417 857 7
418 870 3
418 999 5
418 1095 4
418 1197 5
418 1791 5
421 1451 5
421 1717 11
421 2245 5
422 805 4
422 902 5
423 1232 3
426 1869 14
427 1448 8
428 32 3
428 1272 4
429 1903 10
429 2169 4
430 1383 7
430 1466 8
431 1206 6
432 1940 5
436 362 4
436 490 3
439 1279 4
439 1683 5
441 1251 3
441 1371 3
442 1349 3
442 1725 4
444 1278 4
444 1731 3
445 100 3
445 129 5
445 410 3
445 869 6
445 1121 3
445 1343 4
445 1618 3
445 2177 4
446 480 4
447 995 4
447 1684 4
452 209 7
452 823 12
452 1214 3
452 2078 3
454 898 9
454 1853 18
456 842 8
456 2267 7
458 393 8
459 264 3
459 389 4
459 594 4
459 751 4
459 928 3
459 965 3
459 1219 3
459 1370 4
459 1381 3
459 1955 5
459 2285 3
460 930 4
461 304 5
461 1553 3
461 2005 7
462 405 10
462 665 16
462 1294 6
463 775 22
464 1541 4
465 42 3
465 958 4
465 987 5
465 1257 7
465 2121 5
467 13 9
467 187 8
467 413 9
467 508 3
467 577 4
467 715 4
467 1045 3
467 1236 4
467 1440 13
467 1832 5
467 2196 13
468 252 7
468 253 7
468 347 8
468 479 5
468 534 6
468 753 7
468 1045 3
468 1076 4
468 1150 4
468 1454 3
468 1488 4
468 1679 5
468 1797 4
468 1949 3
468 2044 4
470 83 13
470 198 10
470 593 17
470 996 16
470 1380 7
470 1866 8
470 2075 11
470 2100 10
470 2199 13
471 547 5
472 319 6
472 929 12
472 2004 7
474 751 4
474 1076 5
474 1150 5
474 1488 5
474 1569 3
474 1955 6
474 2044 5
475 1918 8
475 2001 3
475 2047 7
475 2146 3
475 2197 9
477 42 6
477 240 15
477 465 11
477 958 10
477 987 10
477 1257 14
477 2121 12
478 521 4
478 1128 4
478 1232 3
479 57 6
479 81 3
479 478 3
479 955 5
479 1116 3
479 1128 9
479 1232 3
479 1627 7
479 1661 9
479 1797 3
479 1920 5
479 2044 4
479 2207 6
480 1655 3
482 661 5
482 970 7
482 1069 5
482 1567 6
482 2251 8
483 100 6
483 121 3
483 421 3
483 517 7
483 1179 8
483 1360 4
483 1392 4
483 1717 6
483 1814 5
484 1501 6
485 1228 4
486 439 6
486 1683 5
490 8 3
490 1065 14
490 1104 4
490 1354 6
490 2038 7
491 435 17
491 1741 9
491 1803 6
491 2016 4
493 676 3
493 1201 3
494 169 3
494 236 6
494 525 4
494 575 5
494 748 4
494 868 5
494 968 3
494 1098 4
494 1114 4
494 1856 5
494 2246 5
495 124 5
495 389 20
495 511 26
495 582 9
495 725 19
495 735 5
495 932 6
495 1183 3
495 1272 3
495 1370 5
495 1407 3
496 157 7
496 456 11
496 758 13
496 842 8
496 1305 9
496 1324 9
496 1462 8
496 1749 11
496 1912 12
496 2267 12
499 1627 9
499 2114 7
500 1350 4
500 1372 5
502 809 4
503 566 5
503 747 6
503 769 3
505 239 4
505 357 5
505 629 7
505 2078 4
505 2238 3
506 2203 4
507 1738 12
508 566 3
509 203 3
509 1054 3
511 20 3
511 344 3
511 540 3
511 626 6
511 819 3
511 823 4
511 1090 4
511 1233 4
511 1370 8
511 1407 3
511 1463 3
511 1582 4
511 1743 3
511 1841 3
511 2005 4
511 2159 5
512 443 3
512 457 4
512 1122 3
512 1972 3
513 708 3
513 727 4
513 1838 7
513 2064 4
514 559 5
514 2145 7
515 32 7
515 2182 7
516 1036 3
516 1905 3
517 1360 3
517 1717 6
518 1497 6
518 1915 7
519 374 11
519 1880 7
519 2141 4
519 2244 7
520 357 9
520 639 6
520 1459 5
520 1846 5
522 354 4
522 1654 3
523 697 8
524 1431 18
525 159 6
525 236 3
525 968 4
525 1106 4
525 1114 3
525 1234 7
525 1542 4
525 1753 8
525 1856 7
525 2049 8
526 337 4
527 1178 3
528 11 4
528 26 4
528 358 3
528 616 3
528 942 4
528 1031 4
528 1140 4
528 1144 4
528 1165 4
528 1175 3
528 1248 4
528 1406 4
528 1539 3
528 1610 4
528 1695 4
528 1834 3
528 1977 4
528 2221 5
529 762 3
530 206 5
530 252 6
530 253 7
530 347 5
530 468 5
530 534 5
530 753 4
530 789 9
530 955 5
530 1439 5
531 331 8
531 530 11
531 2065 9
533 241 12
533 283 3
533 287 8
533 732 9
533 816 6
533 1005 11
533 1170 7
533 1203 7
533 1256 7
533 1570 3
533 1700 7
533 1712 3
533 1755 3
533 2057 6
533 2304 4
534 252 4
534 253 7
534 347 7
534 702 4
534 753 4
534 2282 27
537 2267 4
538 286 4
538 305 8
538 407 3
538 845 9
538 1126 3
538 2005 3
540 171 5
540 873 3
541 1853 3
543 1163 4
543 2191 4
543 2213 5
543 2314 4
544 476 8
545 279 5
545 930 4
545 1202 5
545 1507 5
546 2161 6
549 426 9
551 1269 6
553 764 4
555 1552 3
557 1279 5
557 1358 6
559 288 3
559 510 7
559 520 3
559 606 3
559 1149 3
559 1186 3
559 1432 3
559 1525 5
559 1679 5
559 1863 3
559 1936 4
559 2078 3
559 2145 5
560 325 3
561 344 4
563 478 4
563 514 4
563 521 6
563 760 8
563 1080 10
563 1118 7
563 1128 6
563 1232 4
563 2068 5
563 2145 3
564 284 4
565 479 5
565 963 4
565 1076 4
565 1128 5
565 1150 5
565 1488 5
565 1627 3
565 1661 8
565 2044 4
565 2262 6
565 2297 4
566 55 7
566 747 17
566 769 5
566 1109 3
566 1197 3
566 1949 4
566 1951 3
566 2106 3
568 322 5
568 641 5
568 1444 4
568 1963 5
569 911 3
570 638 6
571 266 3
571 536 4
571 1707 5
572 125 4
572 1246 3
572 2000 3
573 1349 3
573 1619 4
573 1634 11
575 1098 3
575 1114 3
575 2293 7
577 1236 12
578 135 6
578 1250 3
578 1630 12
579 2055 7
580 1304 4
582 511 12
582 594 6
583 919 7
585 251 10
588 17 7
588 272 8
588 671 6
588 1609 8
588 2148 10
589 1214 4
589 1735 4
589 2078 4
590 705 4
591 1411 5
592 273 3
592 557 3
593 83 7
593 198 4
593 996 10
593 1380 4
593 1866 6
593 1964 6
593 2045 3
593 2075 5
593 2100 3
593 2171 4
593 2199 6
594 164 4
594 389 10
594 463 6
594 495 7
594 511 11
594 715 3
594 725 6
594 754 6
594 775 9
594 787 6
594 796 6
594 823 4
594 883 5
594 932 6
594 938 8
594 1037 7
594 1181 7
594 1233 5
594 1300 6
594 1370 8
594 1407 10
594 1555 4
594 1559 8
594 1595 6
594 1661 3
594 1668 4
594 1825 7
594 1859 7
594 2001 3
594 2032 10
594 2037 4
594 2067 6
594 2134 7
594 2135 3
594 2142 5
594 2198 7
596 679 8
598 1436 4
598 1468 8
598 1893 4
599 485 8
599 1228 9
599 1480 16
599 1763 3
601 125 7
601 165 3
601 229 5
601 263 5
601 360 4
601 780 3
601 804 5
601 860 5
601 874 4
601 896 3
601 953 3
601 994 4
601 1083 3
601 1161 4
601 1344 3
601 1368 3
601 1606 3
601 1665 4
601 1689 4
601 1938 6
601 2027 3
603 130 10
603 1184 7
603 1459 6
603 1565 10
603 1796 3
603 1846 5
603 2060 6
604 52 6
604 618 3
604 924 11
607 177 4
607 1923 6
609 45 5
609 52 6
609 418 5
609 604 3
609 645 4
609 870 3
609 999 8
609 1057 5
609 1095 4
609 1197 3
609 1403 3
609 1780 4
609 1789 7
609 2098 6
610 346 4
610 480 6
610 721 4
610 1205 3
610 1259 3
610 1542 5
611 414 9
611 2222 6
612 713 3
612 1221 3
612 1785 3
612 2018 4
612 2130 3
615 960 16
615 1389 4
615 2095 9
615 2272 3
618 418 4
618 645 3
618 924 5
618 999 5
618 1095 3
618 1403 4
618 1789 4
618 2098 8
618 2176 3
619 66 8
619 133 5
619 291 11
619 491 4
619 669 3
619 1496 4
619 1586 4
619 1803 4
619 1810 7
620 321 3
620 1829 3
621 2267 4
622 289 6
622 935 5
623 349 3
625 273 6
625 592 5
625 1400 6
625 2039 14
625 2170 3
626 1841 4
631 337 5
632 456 8
632 496 11
632 758 9
632 1305 5
632 1560 8
632 2267 5
634 130 5
634 603 5
634 1040 4
634 1565 5
636 65 12
636 254 5
636 386 4
636 744 8
636 855 6
636 1262 9
636 1297 16
636 1602 14
636 1731 3
638 1095 4
639 357 6
639 788 3
639 1149 4
639 1459 4
639 1846 3
640 93 3
640 127 4
640 193 5
640 259 8
640 866 3
640 1421 3
640 2303 4
641 322 6
643 56 3
644 36 5
644 2117 11
645 45 6
645 418 4
645 604 4
645 999 3
645 1095 3
645 1150 3
645 1197 4
645 1403 3
645 1488 3
645 1679 3
645 1789 7
645 1791 3
645 2098 4
645 2159 4
646 225 3
646 245 3
646 283 5
646 678 3
646 711 3
646 839 3
646 994 3
646 1079 3
646 1286 3
646 1521 3
646 1570 4
646 1712 3
646 1715 3
646 1759 3
646 2228 3
646 2257 5
647 392 9
647 536 3
649 670 10
649 1638 4
650 922 8
652 5 6
653 364 14
654 1898 15
654 2225 4
654 2271 5
655 159 3
655 236 3
655 525 7
655 575 3
655 798 5
655 1064 13
655 1114 3
655 1234 6
655 1412 5
655 1542 4
655 1753 9
655 1856 6
655 2049 5
656 1551 6
657 374 10
657 519 8
657 821 9
657 1111 10
657 1880 9
658 1024 6
659 490 15
659 1065 4
660 669 25
660 1600 4
660 1980 6
661 970 4
662 944 3
663 2264 10
664 35 5
664 717 4
664 1704 6
664 1871 7
666 642 18
666 662 9
666 690 8
666 895 9
666 944 16
666 950 17
666 1285 11
666 1511 8
666 1966 14
667 354 3
667 522 4
669 68 6
669 85 3
669 854 15
669 1067 6
669 1094 12
669 1302 6
669 1325 8
669 1357 13
669 1576 15
669 1583 15
669 1646 7
669 1740 4
669 2001 3
669 2015 6
669 2053 4
669 2094 4
670 413 12
671 1609 6
672 53 7
672 1167 4
673 935 6
673 1731 6
673 1807 3
673 1916 4
673 1940 9
673 2143 3
674 1405 3
674 2042 13
675 1656 3
676 263 4
676 749 3
676 763 9
676 804 3
676 849 3
676 860 4
676 961 4
676 1222 4
676 1493 3
676 2000 3
677 1329 7
678 994 9
678 1217 5
679 145 12
679 721 6
679 1023 3
679 1542 3
680 38 3
680 511 3
680 594 6
680 1585 9
680 1774 8
681 252 5
681 253 4
681 293 7
681 331 14
681 347 7
681 468 4
681 530 12
681 531 7
681 534 7
681 753 5
681 955 5
681 1439 5
681 1908 6
682 337 7
683 1030 5
683 1664 4
684 724 5
685 821 3
685 893 7
685 919 4
685 2219 6
687 1027 4
687 1756 5
688 491 3
688 619 3
688 694 10
690 771 4
691 11 4
691 26 4
691 226 4
691 358 4
691 528 7
691 812 4
691 942 4
691 1031 5
691 1140 5
691 1144 4
691 1165 4
691 1171 5
691 1175 4
691 1248 5
691 1406 3
691 1456 5
691 1458 4
691 1539 4
691 1610 3
691 1695 4
691 1977 5
691 2221 5
692 1228 4
693 2176 4
694 48 7
694 133 4
694 246 8
694 291 5
694 435 8
694 491 9
694 619 5
694 1810 5
694 2015 4
695 1461 5
696 973 16
697 53 8
697 672 17
697 682 3
697 1167 8
699 1474 4
700 171 4
700 181 8
700 343 3
700 542 6
700 873 6
700 979 8
700 1185 11
700 1419 6
700 1491 6
700 1553 3
700 1671 7
700 1709 9
700 1831 6
701 1 7
701 89 8
701 599 7
701 1467 10
701 1530 5
701 1763 8
702 252 6
702 253 4
702 530 5
702 2065 4
702 2281 4
703 1232 10
708 727 4
709 267 4
709 739 4
709 2137 7
710 91 4
711 93 3
711 382 3
711 890 3
711 1759 6
713 1076 3
713 1150 4
713 1177 5
713 1488 4
713 1679 5
713 1743 3
713 1797 3
713 2001 3
713 2044 3
714 317 3
715 577 14
715 670 3
715 1201 13
715 1340 4
717 661 3
717 697 3
718 2202 4
719 1435 9
720 968 3
720 1110 3
720 1505 4
721 3 3
721 73 4
721 145 4
721 361 5
721 480 4
721 811 6
721 941 3
721 968 4
721 976 4
721 1200 6
721 1263 3
721 1412 3
721 1518 6
721 1655 7
721 1958 4
721 2012 6
721 2183 6
721 2193 5
721 2307 4
723 586 3
723 2089 3
725 740 4
726 208 6
726 2029 6
727 2064 3
730 805 3
731 125 3
731 263 3
731 572 3
731 676 3
731 749 3
731 836 4
731 860 4
731 961 3
731 1222 3
732 13 3
732 241 9
732 287 6
732 329 5
732 1170 8
732 1203 6
732 1256 6
732 1700 9
732 1926 3
732 2012 5
732 2057 4
732 2207 3
735 511 12
735 626 6
735 775 3
735 1193 7
735 1562 3
735 1841 4
736 1368 4
736 1390 3
739 267 5
739 485 3
739 1110 3
739 2137 8
739 2293 4
741 13 11
741 451 10
741 1007 13
741 1461 6
741 1520 9
741 1615 10
741 1680 5
741 1720 6
742 76 3
742 1987 5
743 61 3
743 340 3
743 399 3
747 1197 4
748 575 3
748 1679 3
748 2246 3
749 466 3
749 961 4
749 1092 4
751 264 4
751 965 3
751 1101 4
751 1381 4
751 1424 4
751 1955 10
751 2285 4
752 152 3
752 846 3
753 252 6
753 253 5
753 479 3
753 807 3
753 1076 3
753 1150 3
753 1488 3
753 1679 3
753 1797 3
753 1949 3
753 2044 3
753 2297 3
754 124 4
754 495 10
754 823 4
754 932 8
754 1183 3
755 2073 4
756 490 3
757 2295 3
758 456 10
758 1305 6
758 1912 7
759 1532 5
759 2054 9
760 478 3
760 521 4
760 1080 3
760 1118 3
760 2068 3
761 264 3
761 309 3
761 379 3
761 612 3
761 751 3
761 803 4
761 911 3
761 998 6
761 1076 3
761 1105 4
761 1150 4
761 1219 3
761 1303 3
761 1488 4
761 1542 3
761 1595 3
761 1627 3
761 1679 4
761 1780 3
761 1797 3
761 2041 3
761 2044 3
761 2285 3
761 2297 3
764 379 3
764 751 4
764 965 3
764 1076 5
764 1150 5
764 1424 3
764 1488 5
764 1569 3
764 1679 3
764 2044 5
764 2285 3
765 49 9
765 304 4
765 343 3
765 461 3
765 542 3
765 1822 8
765 2116 4
766 159 6
766 236 3
766 525 14
766 584 3
766 655 6
766 782 5
766 798 7
766 1542 3
766 1856 9
766 2057 3
766 2293 5
769 897 3
769 1721 3
769 1951 10
769 2106 4
769 2197 3
770 679 5
770 706 5
770 721 5
770 968 5
770 993 7
770 1071 3
770 1098 4
770 1200 7
770 1518 5
770 1779 6
770 2077 5
770 2183 7
770 2193 4
770 2307 6
771 160 4
772 887 5
772 1645 6
774 578 9
774 1630 5
775 301 3
775 819 3
775 1300 13
775 1370 5
776 597 6
778 47 3
778 122 4
778 233 3
778 353 3
778 1220 4
778 1281 3
778 1401 6
778 1472 3
778 1564 7
778 1600 3
778 2086 15
778 2160 5
779 676 5
779 1398 7
779 1497 11
779 2000 3
780 1083 3
780 2021 4
782 1263 5
783 50 10
783 190 3
783 294 9
783 429 8
783 1600 3
783 1721 6
783 1754 5
783 1980 5
784 566 4
784 769 6
787 1833 3
788 357 5
788 520 3
788 1846 3
789 252 10
789 253 9
789 331 12
789 347 13
789 468 10
789 534 11
789 681 12
789 702 5
789 753 10
789 955 8
789 1254 8
789 2065 15
789 2195 4
789 2281 5
789 2282 17
790 1607 3
791 717 8
791 1718 18
791 1871 5
791 2107 9
792 279 4
792 930 4
795 309 3
795 479 3
795 751 4
795 761 5
795 965 3
795 998 3
795 1076 3
795 1150 4
795 1219 3
795 1303 3
795 1310 3
795 1424 3
795 1488 4
795 1569 3
795 1627 3
795 1679 4
795 1797 3
795 1967 4
795 2044 3
795 2271 4
795 2285 3
796 164 3
796 389 3
796 463 3
796 495 4
796 511 5
796 715 9
796 725 3
796 754 3
796 775 4
796 928 3
796 2032 4
796 2134 3
797 1124 3
797 1173 3
798 159 7
798 169 3
798 236 5
798 525 6
798 575 3
798 748 5
798 802 3
798 968 4
798 1064 9
798 1106 4
798 1114 4
798 1234 8
798 1542 5
798 1753 8
798 1856 9
798 2049 6
799 1089 3
799 1514 13
799 1601 15
799 2298 9
801 388 3
801 1666 6
802 602 3
803 134 5
803 164 3
803 663 3
803 1310 3
803 1514 3
803 2005 7
803 2264 3
803 2298 3
804 572 4
804 779 4
804 780 4
804 836 7
804 860 5
804 896 4
804 953 4
804 961 3
804 1083 4
804 1092 3
804 1133 4
804 1161 3
804 1344 4
804 1409 5
804 1606 3
804 1665 5
804 1667 4
804 1837 4
804 2000 3
804 2027 4
804 2237 5
804 2242 5
805 150 4
806 605 3
806 1562 29
806 1799 10
806 2142 6
807 81 8
807 206 11
807 293 13
807 331 20
807 530 17
807 531 16
807 681 14
807 1439 9
807 1632 17
807 1908 15
807 2065 19
807 2282 4
808 699 3
809 90 23
809 1006 4
810 1074 6
811 361 8
811 2312 3
814 1973 8
815 279 6
815 930 7
815 1678 4
815 2025 7
816 287 3
816 1170 4
816 1203 4
818 1843 5
819 1241 4
819 1669 3
820 420 3
820 809 7
820 1946 3
820 2175 4
821 374 5
821 519 7
821 1109 4
821 1880 9
822 1446 14
823 70 4
823 209 6
823 319 4
823 479 3
823 883 7
823 929 4
823 1076 3
823 1152 3
823 1193 4
823 1214 10
823 1411 19
823 1423 3
823 1661 3
823 1679 4
823 2004 3
823 2078 9
824 1157 3
824 1503 3
825 636 4
826 348 6
828 7 3
828 1925 7
829 1828 5
831 1897 3
832 1852 3
833 1026 6
835 953 6
835 994 3
835 1886 4
836 125 4
836 572 4
836 676 3
836 749 3
836 860 7
836 896 3
836 961 3
836 1083 3
836 1409 3
836 1837 3
836 2242 3
837 972 6
838 871 3
839 2261 3
840 201 3
840 1492 4
840 1636 3
840 1984 5
840 2128 4
841 54 3
841 143 4
841 225 4
841 270 3
841 283 3
841 382 4
841 473 3
841 646 4
841 678 4
841 686 5
841 711 3
841 781 4
841 827 4
841 839 4
841 890 3
841 994 5
841 1052 4
841 1286 6
841 1521 3
841 1547 3
841 1570 4
841 1712 4
841 1759 3
841 1765 4
841 1906 4
841 1934 5
841 1959 3
841 2228 5
841 2257 3
841 2261 4
842 632 4
842 758 4
842 1305 5
842 1462 5
842 1749 6
842 1912 5
842 2133 11
842 2267 3
843 1329 5
844 513 7
844 708 3
844 727 5
844 2064 3
845 49 3
845 124 3
845 235 16
845 318 4
845 1126 7
845 1185 6
845 1301 8
845 1399 3
845 1553 7
845 1748 3
845 2005 11
845 2144 3
845 2188 7
846 778 13
846 2086 5
847 42 3
847 465 4
847 1053 3
847 1258 9
847 1513 10
847 2280 7
848 286 3
848 837 7
848 913 6
848 972 6
848 1430 16
848 2164 8
848 2172 3
848 2176 13
849 13 5
849 127 5
849 395 3
849 467 3
849 741 5
849 959 8
849 1388 5
849 2012 4
850 864 8
850 1085 10
852 1545 9
853 2130 3
854 139 3
854 308 3
854 359 3
854 379 5
854 566 3
854 660 7
854 673 3
854 823 3
854 935 3
854 998 3
854 1238 3
854 1302 5
854 1479 4
854 1583 3
854 1785 4
854 1807 4
854 1897 6
854 1940 3
854 2005 3
854 2134 4
856 1199 5
857 74 3
857 156 7
860 263 4
860 360 3
860 487 11
860 572 8
860 953 3
860 961 5
860 1083 4
860 1161 3
860 1246 3
860 1368 3
860 1606 3
860 1837 3
860 2021 4
861 882 5
861 1166 4
862 73 3
862 2193 3
863 611 4
863 1845 4
863 2222 11
863 2267 4
865 369 3
865 1522 4
868 236 3
868 575 3
868 602 7
868 748 3
868 802 4
868 1098 4
868 2246 4
869 100 5
869 121 3
869 129 7
869 410 5
869 1113 6
869 1121 3
869 1343 5
869 1392 4
869 1618 5
869 1677 3
869 1814 4
869 2177 6
870 604 3
870 645 3
870 924 4
870 1095 4
870 1197 6
870 1403 3
870 1780 5
870 1789 3
872 70 5
872 170 4
872 183 3
872 384 4
872 403 3
872 407 5
872 433 3
872 479 3
872 511 3
872 566 3
872 713 4
872 717 3
872 748 4
872 799 3
872 837 3
872 850 4
872 851 4
872 930 4
872 984 8
872 989 3
872 991 12
872 1021 3
872 1049 4
872 1050 3
872 1064 4
872 1076 6
872 1095 3
872 1150 7
872 1152 3
872 1215 3
872 1221 11
872 1223 3
872 1233 3
872 1247 8
872 1271 3
872 1303 4
872 1372 3
872 1416 3
872 1442 3
872 1450 3
872 1488 7
872 1529 4
872 1530 3
872 1536 4
872 1542 3
872 1567 3
872 1594 3
872 1601 3
872 1619 4
872 1670 4
872 1674 3
872 1679 9
872 1743 3
872 1761 11
872 1769 4
872 1780 4
872 1785 6
872 1797 6
872 1829 3
872 1865 13
872 2017 4
872 2044 6
872 2070 3
872 2091 3
872 2097 4
872 2118 4
872 2130 3
872 2147 3
872 2159 4
872 2176 4
872 2182 3
872 2229 3
872 2297 6
872 2298 3
873 171 3
873 181 4
873 803 3
874 1667 3
875 1690 3
882 1166 3
883 452 9
883 2142 4
884 37 3
884 69 3
884 739 11
884 1110 4
884 1114 3
884 1263 3
884 1383 5
884 1860 3
884 2030 3
884 2137 6
884 2158 3
885 210 4
885 232 4
885 591 20
885 1411 3
886 83 8
886 470 15
886 593 10
886 996 10
886 1380 3
886 1964 4
886 2075 5
886 2199 6
887 1645 4
888 1623 4
889 1557 3
890 601 3
890 1083 3
890 1368 4
891 619 7
892 2258 3
893 362 12
893 490 17
893 1647 5
894 1151 6
895 642 4
895 1966 3
897 2106 5
897 2197 4
898 1068 9
898 1853 9
900 2176 7
901 664 3
901 1341 8
901 1704 10
901 1871 5
902 1146 3
902 1292 3
904 1353 3
904 1702 8
906 595 4
906 1728 4
907 441 4
907 1371 5
907 1556 5
908 1977 3
910 1373 3
913 1719 7
914 23 7
914 939 9
914 1580 4
914 2276 9
915 114 7
915 1693 13
915 1795 13
916 1755 11
916 2304 11
917 121 3
917 442 4
917 573 3
917 1207 23
917 1349 5
917 1549 3
917 1634 5
917 1725 4
917 1814 3
918 1323 9
919 262 4
919 1999 5
920 41 4
920 738 3
920 1523 3
920 1573 3
920 2243 4
921 77 6
921 927 5
921 1427 4
924 418 4
924 999 4
924 1789 8
925 2274 6
926 783 17
926 1600 3
927 1427 9
927 1902 7
928 389 8
928 463 4
928 479 3
928 495 4
928 511 4
928 594 5
928 787 6
928 1076 3
928 1084 4
928 1154 12
928 1181 6
928 1272 7
928 1370 5
928 1407 10
928 1411 6
928 1559 5
928 1585 6
928 1679 4
928 1833 7
928 2032 5
928 2198 5
929 2004 8
930 139 4
930 223 3
930 309 3
930 359 5
930 459 4
930 474 4
930 751 5
930 761 4
930 764 5
930 795 4
930 854 3
930 935 3
930 965 3
930 974 4
930 998 4
930 1119 3
930 1154 4
930 1374 3
930 1381 3
930 1424 3
930 1479 3
930 1569 4
930 1595 5
930 1773 3
930 1825 3
930 1895 3
930 1955 7
930 1967 4
930 2001 3
930 2025 4
930 2134 5
930 2146 5
930 2219 3
934 409 3
935 203 3
935 1233 3
935 1653 3
935 1777 3
935 2091 3
935 2104 3
937 721 3
937 1071 6
938 108 5
938 403 4
938 1370 6
938 1782 5
938 1859 7
939 23 17
939 174 9
939 960 9
939 1431 7
939 1580 6
939 2276 10
940 1073 3
941 737 12
941 1634 3
943 1192 3
944 690 3
945 1093 6
946 113 4
946 1995 4
947 1090 3
948 354 4
949 196 7
949 733 5
949 1303 9
950 642 6
950 662 3
950 690 3
950 895 5
950 944 4
950 1285 3
950 1511 3
950 1966 8
952 773 4
954 2312 4
955 252 4
955 534 3
955 753 3
956 286 5
958 42 3
958 2121 9
959 13 5
959 594 4
959 1965 3
959 2012 6
960 324 8
960 423 3
960 524 3
960 1172 6
960 1232 3
960 1471 5
960 1583 3
960 1746 8
960 1809 3
960 1919 10
960 2095 9
960 2272 13
961 466 3
961 874 3
961 1092 9
962 1197 3
963 2207 4
964 490 3
964 893 5
964 1987 3
965 1424 4
965 1694 3
966 1055 3
966 1980 29
967 250 5
967 828 12
967 1925 4
968 1098 3
968 1505 4
969 1218 3
970 1069 4
970 1567 4
973 81 10
973 206 7
973 253 3
973 293 14
973 331 18
973 347 4
973 401 15
973 468 5
973 530 14
973 531 10
973 534 3
973 629 7
973 681 7
973 753 10
973 807 41
973 1124 7
973 1208 12
973 1439 8
973 1632 14
973 1790 8
973 1908 6
973 2065 22
976 234 6
976 480 9
976 610 3
977 1988 4
978 201 6
978 840 6
978 1384 5
978 1492 8
978 1636 6
978 1984 7
978 2128 6
979 171 6
979 1419 3
980 493 4
980 741 6
980 1243 3
980 1832 6
980 2195 4
981 554 3
984 196 4
984 479 3
984 717 3
984 998 3
984 1066 3
984 1150 3
984 1303 4
984 1349 4
984 1454 4
984 1488 3
984 1536 3
984 1661 4
984 1679 6
984 1797 3
984 1865 3
984 1949 4
984 2041 3
984 2176 9
984 2205 3
984 2297 4
985 356 4
985 578 4
986 897 5
986 1109 3
986 2092 7
986 2106 7
986 2197 5
986 2219 6
987 42 4
987 240 8
987 552 5
987 847 3
987 958 6
987 1886 4
987 2121 5
987 2280 7
990 959 6
991 298 8
991 850 3
991 1076 5
991 1150 6
991 1221 9
991 1247 7
991 1488 6
991 1679 7
991 1865 11
991 2044 5
992 227 9
992 801 12
993 706 5
993 721 6
993 1200 7
993 1412 5
993 1518 5
993 2307 6
994 248 3
996 1866 10
996 2075 5
996 2100 3
998 264 3
998 309 3
998 479 3
998 612 3
998 751 3
998 911 3
998 1013 3
998 1076 3
998 1150 4
998 1159 3
998 1219 4
998 1303 3
998 1310 3
998 1424 3
998 1488 4
998 1627 3
998 1679 5
998 1780 3
998 1797 3
998 1895 3
998 2044 3
998 2271 3
998 2285 3
999 45 6
999 408 3
999 870 3
999 1197 4
999 1403 4
999 1780 5
1001 312 7
1002 204 6
1003 1103 3
1004 116 6
1004 733 4
1004 1303 4
1004 1590 3
1005 241 10
1005 287 11
1005 732 8
1005 816 6
1005 1170 8
1005 1203 9
1005 1256 8
1005 1700 8
1005 2057 5
1008 1263 3
1011 890 3
1012 903 3
1012 2190 5
1013 3 3
1013 32 5
1013 78 4
1013 146 4
1013 692 3
1013 895 4
1013 963 3
1013 978 4
1013 1050 5
1013 1150 4
1013 1255 4
1013 1454 4
1013 1470 3
1013 1488 4
1013 1567 4
1013 1679 4
1013 1797 3
1013 1917 4
1013 1949 4
1013 2182 4
1013 2205 3
1013 2297 4
1015 97 10
1016 368 7
1016 940 6
1016 1073 6
1018 1558 4
1020 1137 4
1022 679 7
1023 170 8
1023 329 4
1023 772 3
1023 1296 5
1023 1388 5
1023 1429 3
1023 1771 4
1023 1855 7
1025 1972 7
1025 2250 8
1028 140 6
1030 1664 6
1032 326 4
1032 1334 15
1032 1589 3
1033 1044 4
1033 1770 3
1036 1905 7
1036 1935 9
1037 735 9
1037 1833 4
1038 271 4
1038 1953 5
1038 2313 3
1040 130 6
1040 603 8
1040 1184 5
1040 1276 3
1040 1565 9
1040 1846 4
1040 2060 3
1042 1540 3
1043 1321 3
1043 1842 5
1044 1770 4
1045 1150 3
1045 1477 8
1045 1488 3
1045 1679 4
1047 1961 6
1048 1033 3
1048 1044 4
1048 1078 4
1048 1460 8
1048 1770 4
1049 3 3
1049 78 6
1049 237 5
1049 745 4
1049 828 3
1049 911 4
1049 963 3
1049 1013 7
1049 1022 3
1049 1150 4
1049 1255 5
1049 1338 3
1049 1448 3
1049 1454 4
1049 1488 4
1049 1527 6
1049 1679 5
1049 1797 3
1049 1871 4
1049 1949 4
1049 2182 3
1050 2182 5
1050 2301 3
1051 466 3
1051 860 3
1051 961 10
1051 1092 5
1053 1513 6
1053 1886 3
1055 429 19
1055 660 6
1055 2169 5
1056 1932 3
1057 45 10
1057 418 8
1057 604 6
1057 618 7
1057 645 8
1057 924 7
1057 999 9
1057 1066 3
1057 1095 8
1057 1197 10
1057 1207 3
1057 1349 3
1057 1403 6
1057 1450 3
1057 1780 8
1057 1789 6
1057 1791 4
1057 2176 5
1059 628 4
1060 305 5
1061 19 4
1061 722 3
1061 935 5
1061 1196 3
1061 1621 14
1061 1971 3
1061 2213 4
1063 241 9
1063 287 7
1063 533 9
1063 732 10
1063 816 6
1063 1005 12
1063 1170 10
1063 1203 9
1063 1256 8
1063 1700 10
1063 2057 7
1064 525 13
1064 1106 5
1064 1162 4
1064 1234 11
1064 1727 3
1064 1753 15
1064 1755 3
1064 1965 4
1064 2304 3
1065 1608 6
1065 2263 6
1066 121 5
1066 339 8
1066 442 9
1066 917 9
1066 1207 7
1066 1349 11
1066 1360 3
1066 1392 6
1066 1725 6
1066 1814 7
1066 2310 5
1068 454 15
1068 1853 11
1070 1583 3
1071 1098 3
1071 2010 11
1075 900 4
1076 124 4
1076 478 3
1076 479 4
1076 751 3
1076 1116 3
1076 1128 5
1076 1150 4
1076 1920 3
1076 2044 3
1076 2068 3
1076 2297 3
1077 856 3
1078 1770 3
1079 334 4
1079 1339 8
1079 2257 5
1080 81 8
1080 478 7
1080 521 10
1080 1128 9
1080 1232 8
1080 1367 6
1080 2068 11
1080 2083 7
1082 1391 5
1084 2025 7
1085 864 6
1086 1177 4
1086 1529 3
1086 2130 7
1089 2298 3
1090 566 3
1090 568 4
1090 641 7
1090 1444 6
1090 1628 5
1090 1894 27
1090 2203 7
1090 2235 10
1091 453 3
1091 1854 3
1093 495 5
1093 754 4
1093 1454 3
1093 1455 4
1093 1585 4
1094 1576 6
1095 238 14
1095 570 6
1095 604 3
1095 962 3
1095 999 7
1095 1197 8
1095 1789 3
1096 2003 4
1098 236 3
1098 267 3
1098 721 3
1098 1110 5
1098 2307 4
1099 1928 4
1100 1055 5
1102 1502 4
1102 1762 4
1103 285 5
1103 454 3
1103 658 3
1103 1024 5
1103 1068 3
1103 1608 3
1103 2142 3
1104 1649 4
1106 584 6
1106 1546 3
1106 1894 6
1107 446 3
1108 1337 4
1108 2028 4
1108 2143 11
1109 535 10
1109 1951 7
1109 2171 3
1109 2197 8
1110 937 3
1110 968 5
1110 988 9
1110 1071 3
1110 1263 4
1110 1383 3
1110 1412 3
1110 2193 3
1111 374 6
1111 519 11
1111 821 9
1111 1880 12
1111 2244 6
1113 121 3
1113 410 4
1113 445 3
1113 1121 3
1113 1343 4
1113 1392 3
1113 1618 5
1113 1677 3
1114 748 3
1114 968 3
1114 1098 4
1117 49 6
1117 304 6
1117 318 5
1117 323 5
1117 343 5
1117 461 4
1117 765 7
1117 845 6
1117 1185 9
1117 1225 7
1117 1485 8
1117 1553 7
1117 1599 7
1117 1748 6
1117 1769 5
1117 1822 6
1117 1976 6
1117 2005 11
1117 2144 7
1118 478 4
1118 521 3
1118 1080 4
1118 1232 3
1118 2068 3
1119 1056 6
1119 1323 3
1119 1483 4
1121 1343 3
1123 55 3
1123 1180 4
1125 287 3
1125 533 5
1125 732 10
1125 1005 6
1125 1063 7
1125 1170 6
1125 1700 5
1126 2005 4
1128 51 6
1128 176 10
1128 521 5
1128 955 4
1128 1118 3
1128 1232 3
1128 1367 4
1128 1627 6
1128 1661 8
1128 1797 4
1128 2044 3
1128 2068 3
1128 2207 6
1129 2174 5
1130 2127 11
1132 1499 5
1135 1596 4
1135 2275 5
1138 451 4
1138 1615 4
1139 636 6
1140 1456 3
1142 1489 5
1142 1948 3
1142 2259 4
1143 288 5
1143 357 7
1143 520 4
1143 639 5
1143 1149 4
1143 1459 5
1143 1757 4
1143 1796 3
1143 1846 5
1143 1863 5
1143 2162 3
1149 115 3
1149 357 7
1149 520 7
1149 788 5
1149 1459 6
1149 1796 7
1149 1846 5
1149 1936 8
1150 57 3
1150 478 3
1150 479 3
1150 1128 3
1150 1328 3
1150 1488 8
1150 2068 3
1150 2297 4
1152 1223 4
1154 108 3
1154 511 4
1154 594 4
1154 787 4
1154 1084 3
1154 1181 5
1154 1370 5
1154 1407 8
1154 1555 4
1154 1559 5
1154 1585 6
1154 1661 3
1154 1825 8
1155 500 6
1155 1350 4
1156 139 4
1156 761 5
1156 764 4
1156 795 4
1156 1773 4
1156 1967 8
1158 425 3
1159 191 4
1159 965 3
1159 1101 3
1159 1424 4
1159 2285 10
1161 165 13
1161 360 3
1161 890 6
1161 994 3
1161 1133 8
1161 1606 4
1162 584 14
1162 1542 3
1162 1546 12
1162 2129 3
1163 2191 3
1164 1752 7
1167 455 3
1168 526 4
1169 1888 11
1170 287 5
1170 1203 6
1170 1256 4
1171 11 3
1171 26 3
1171 812 3
1171 942 3
1171 1031 3
1171 1140 3
1171 1144 3
1171 1248 4
1171 1406 3
1171 1539 3
1171 1610 3
1171 1695 3
1171 1977 3
1171 2221 3
1176 1991 3
1177 799 3
1177 1536 3
1179 100 11
1179 121 4
1179 421 3
1179 517 13
1179 1360 4
1179 1392 9
1179 1451 9
1179 1717 10
1179 1814 10
1179 2245 5
1180 566 6
1180 935 8
1180 1292 4
1180 1617 5
1180 1731 4
1180 1885 4
1180 1940 4
1180 1951 3
1180 1971 3
1180 2105 5
1181 495 3
1181 1423 8
1181 1484 7
1181 1545 4
1181 1559 3
1181 1833 5
1181 1892 7
1181 2031 4
1182 196 6
1182 479 3
1182 733 5
1182 1150 3
1182 1488 3
1182 1679 3
1183 62 3
1183 124 3
1183 511 6
1183 1300 3
1183 1973 5
1184 1846 4
1184 2060 3
1185 49 6
1185 304 4
1185 318 4
1185 323 4
1185 343 4
1185 461 3
1185 765 4
1185 1225 5
1185 1599 6
1185 1748 5
1185 1822 11
1185 1976 6
1185 2113 4
1185 2116 4
1185 2144 7
1187 2019 3
1188 1337 4
1189 194 5
1189 900 4
1189 2239 4
1189 2263 7
1190 437 5
1190 769 3
1190 911 3
1190 1042 12
1190 1195 8
1190 1902 8
1190 2084 6
1190 2135 3
1193 626 7
1193 852 16
1193 1411 6
1193 1758 17
1194 95 3
1194 902 6
1194 1724 3
1197 924 3
1197 1334 4
1197 1403 3
1199 1077 3
1200 73 4
1200 706 4
1200 968 4
1200 2193 3
1200 2307 6
1201 577 10
1201 586 3
1201 796 5
1202 930 4
1202 1507 6
1203 1256 4
1204 75 4
1204 399 19
1204 612 6
1204 1416 18
1204 1785 3
1204 2018 20
1204 2119 11
1204 2130 3
1207 1392 3
1208 81 7
1208 206 7
1208 293 6
1208 331 5
1208 807 9
1208 1632 4
1208 2065 5
1211 225 7
1211 1570 3
1211 1712 3
1211 1934 3
1212 249 15
1212 486 4
1213 904 4
1213 1599 3
1213 1702 3
1214 51 6
1214 559 3
1214 849 3
1214 1920 3
1214 2078 9
1214 2081 5
1219 74 3
1219 191 3
1219 965 3
1219 1101 9
1219 1679 3
1220 47 7
1220 2160 12
1221 298 7
1221 1619 3
1221 1865 13
1222 125 8
1222 229 3
1222 263 6
1222 466 3
1222 487 3
1222 572 3
1222 804 7
1222 860 10
1222 890 4
1222 961 4
1222 994 3
1222 1083 5
1222 1246 3
1222 1344 3
1222 1368 5
1222 1606 11
1222 1667 6
1222 1837 4
1222 1938 3
1222 2000 5
1222 2012 3
1222 2021 3
1222 2027 4
1223 70 4
1225 1748 3
1227 193 3
1227 282 3
1227 640 4
1227 866 3
1227 1687 8
1227 2129 3
1228 717 5
1229 2002 5
1232 521 3
1232 597 3
1232 615 7
1232 777 7
1232 865 24
1232 1935 3
1234 494 3
1234 748 3
1234 766 11
1234 968 3
1234 1098 4
1234 1106 3
1234 1542 4
1234 1546 3
1234 1753 8
1234 1856 10
1234 2246 3
1235 1562 3
1235 1633 26
1235 1950 8
1235 2168 6
1236 670 3
1236 715 13
1236 1201 7
1236 1340 6
1236 1515 8
1237 679 3
1238 935 6
1238 2272 4
1239 138 5
1239 396 4
1240 773 6
1240 1210 5
1241 301 4
1241 579 15
1241 1407 10
1241 1489 4
1241 1737 5
1242 2292 4
1243 34 5
1243 493 3
1243 1045 3
1243 1832 9
1243 2185 7
1244 141 3
1244 1289 3
1245 1920 5
1246 263 4
1246 804 4
1247 25 8
1247 298 23
1247 383 3
1247 799 7
1247 1006 5
1247 1221 8
1247 1514 8
1247 1553 4
1247 1601 6
1247 1679 4
1247 1874 4
1247 2078 4
1247 2298 6
1249 1614 5
1249 2068 4
1249 2263 5
1250 2026 5
1252 2272 7
1253 144 4
1253 1447 6
1254 252 6
1254 253 3
1254 468 5
1254 530 6
1254 534 6
1254 681 4
1254 702 5
1254 753 5
1254 1045 3
1254 1207 3
1254 1632 5
1254 2005 3
1254 2017 3
1254 2065 6
1254 2281 7
1255 32 4
1255 2205 7
1256 816 4
1257 42 4
1257 958 10
1257 987 7
1257 2121 13
1260 1531 4
1261 799 4
1261 1601 4
1261 1811 5
1261 1885 4
1261 2135 5
1264 696 9
1264 973 16
1265 1375 5
1265 1768 3
1265 1899 6
1267 354 5
1268 1731 3
1271 2176 3
1272 463 3
1272 511 5
1272 775 4
1272 1782 3
1272 1812 3
1272 2122 3
1272 2206 3
1273 1945 5
1274 1387 3
1275 1680 3
1277 273 3
1278 419 3
1278 914 7
1278 925 3
1278 1317 3
1278 1616 5
1278 1746 8
1278 1944 3
1278 2095 3
1278 2112 16
1280 1114 3
1282 317 4
1282 714 5
1283 712 7
1284 1013 6
1285 642 3
1285 1966 4
1287 170 5
1287 1296 4
1287 1388 3
1287 1771 4
1288 1685 9
1288 1736 6
1288 1873 5
1289 1356 4
1291 342 4
1293 1608 3
1294 1528 23
1295 513 4
1295 844 3
1296 170 10
1296 1388 4
1296 1429 5
1296 2012 3
1297 508 4
1297 2014 11
1298 1346 4
1298 2176 16
1300 463 4
1300 1235 7
1300 1562 9
1302 6 5
1302 180 6
1302 308 5
1302 815 6
1302 935 5
1302 1180 5
1302 1202 5
1302 1351 5
1302 1362 8
1302 1507 6
1302 1662 5
1302 1975 3
1302 2173 7
1303 13 3
1303 196 9
1303 733 9
1303 1150 3
1303 1182 8
1303 1488 3
1303 1679 4
1303 2041 7
1305 157 4
1305 456 3
1305 1912 4
1305 2267 6
1306 741 3
1308 707 3
1309 155 3
1309 453 3
1309 527 3
1309 1087 3
1309 1091 4
1309 1178 3
1309 1345 3
1309 1781 3
1309 1854 3
1309 1881 4
1309 1978 3
1309 1981 3
1309 2079 3
1309 2180 4
1309 2226 3
1309 2268 4
1310 139 3
1312 227 6
1312 388 12
1312 801 7
1312 992 8
1312 1424 3
1312 1869 5
1312 2222 4
1313 215 11
1313 1526 8
1314 600 5
1315 576 3
1316 1581 6
1317 833 7
1317 925 4
1317 1232 5
1317 1944 18
1319 256 7
1319 2099 3
1320 1412 3
1322 894 7
1322 1151 7
1324 1305 5
1324 1749 7
1324 2267 3
1325 854 3
1326 440 4
1327 76 6
1328 803 3
1328 2277 4
1329 112 3
1329 1528 3
1331 1253 3
1333 1989 4
1334 353 5
1334 443 12
1334 512 12
1334 636 3
1334 1025 12
1334 1056 11
1334 1198 4
1334 1788 3
1334 1972 11
1334 2250 44
1335 1638 3
1336 992 4
1336 1312 3
1337 372 4
1337 931 3
1337 1120 7
1337 1160 4
1337 1993 3
1337 2149 5
1339 54 4
1339 104 5
1339 193 3
1339 225 4
1339 245 4
1339 283 6
1339 334 7
1339 382 4
1339 646 6
1339 678 4
1339 711 3
1339 781 4
1339 827 4
1339 839 4
1339 841 3
1339 994 4
1339 1286 5
1339 1355 3
1339 1521 4
1339 1570 4
1339 1687 5
1339 1712 4
1339 1715 6
1339 1759 4
1339 1765 3
1339 1860 3
1339 1911 6
1339 1934 3
1339 2069 7
1339 2228 7
1339 2257 8
1340 467 8
1340 1045 7
1340 1855 7
1341 664 3
1341 1704 6
1343 410 4
1343 1392 3
1343 1814 3
1347 550 6
1349 1360 4
1349 1912 5
1351 279 4
1351 930 4
1351 1029 4
1357 793 4
1357 1055 7
1357 1281 9
1357 1721 8
1358 1279 9
1360 1717 3
1363 155 3
1363 182 3
1363 295 5
1363 527 3
1363 1087 3
1363 1178 4
1363 1781 3
1363 1978 3
1363 2125 3
1365 1134 6
1366 1443 3
1367 478 4
1367 521 4
1367 1118 3
1368 229 3
1368 804 3
1368 1390 4
1368 1606 4
1368 1938 4
1368 2000 3
1369 2230 3
1370 148 3
1370 164 4
1370 463 4
1370 725 5
1370 754 5
1370 787 3
1370 823 4
1370 932 5
1370 1181 8
1370 1411 5
1370 1423 8
1370 1484 5
1370 1555 4
1370 1559 4
1370 1585 4
1370 1833 5
1370 1859 4
1370 1892 5
1370 1965 4
1371 1556 6
1372 178 4
1372 1155 5
1372 1350 4
1373 729 3
1374 20 10
1374 279 5
1374 2146 6
1376 119 10
1376 219 7
1376 511 4
1376 513 3
1376 900 4
1376 1829 7
1376 2279 7
1379 30 3
1382 811 5
1384 201 6
1384 1492 9
1386 1318 5
1387 852 5
1388 170 5
1388 504 3
1388 679 3
1388 1340 8
1388 1461 3
1388 1855 10
1388 1958 5
1388 2283 3
1391 44 8
1391 354 4
1391 1136 6
1391 1267 3
1391 1307 4
1391 1654 4
1392 1349 6
1393 1746 5
1393 2072 3
1394 450 4
1396 271 3
1396 2313 4
1397 448 3
1398 239 4
1398 676 11
1401 172 5
1401 1115 8
1402 131 3
1403 418 5
1403 1095 5
1404 239 3
1404 629 3
1404 1679 4
1407 1181 5
1407 1545 4
1407 1833 3
1409 125 6
1409 263 5
1409 360 3
1409 601 6
1409 860 5
1409 874 3
1409 1083 4
1409 1161 5
1409 1222 15
1409 1368 5
1409 1606 12
1409 1667 7
1409 1837 4
1409 2021 4
1411 306 5
1411 566 3
1411 747 3
1411 787 3
1411 852 12
1411 1241 4
1411 1407 26
1411 1408 3
1411 1545 6
1411 1735 3
1411 1758 3
1411 2288 3
1412 71 5
1412 73 4
1412 111 4
1412 221 5
1412 236 5
1412 267 5
1412 494 5
1412 525 5
1412 575 4
1412 748 4
1412 937 3
1412 968 3
1412 1098 5
1412 1114 13
1412 1263 3
1412 1280 10
1412 1383 5
1412 1856 5
1412 1860 5
1412 2030 4
1412 2137 5
1412 2158 4
1412 2193 5
1412 2246 6
1413 1232 5
1414 478 4
1414 521 4
1414 1118 3
1414 2068 3
1415 1190 5
1416 399 11
1416 612 4
1416 2018 9
1416 2119 7
1416 2130 3
1417 2014 6
1418 672 5
1418 697 4
1418 1039 3
1420 1028 5
1423 218 6
1423 1411 3
1423 1484 5
1423 1892 11
1423 2031 4
1423 2142 7
1424 414 3
1425 1977 3
1427 1902 4
1430 1457 3
1431 960 4
1431 2072 6
1431 2096 7
1432 357 13
1432 520 10
1432 639 7
1432 788 6
1432 1143 4
1432 1149 8
1432 1459 8
1432 1846 8
1432 1936 10
1432 2162 4
1433 1224 11
1436 1468 9
1438 1657 3
1439 2065 6
1440 2196 3
1443 480 6
1443 1655 5
1443 1996 7
1444 322 4
1444 641 6
1444 1963 7
1448 771 5
1449 1983 5
1449 2240 3
1450 924 3
1450 962 4
1450 1095 4
1450 1598 12
1450 1780 4
1450 2176 4
1451 100 8
1451 517 8
1451 558 5
1451 858 3
1451 1392 4
1451 1717 8
1451 1814 5
1452 835 3
1454 399 5
1454 408 3
1454 479 4
1454 566 3
1454 612 3
1454 747 3
1454 803 5
1454 850 4
1454 851 3
1454 963 3
1454 1076 7
1454 1150 7
1454 1204 3
1454 1416 3
1454 1488 8
1454 1529 3
1454 1619 3
1454 1769 3
1454 1949 5
1454 1985 3
1454 2001 3
1454 2005 6
1454 2044 6
1454 2108 3
1454 2119 3
1454 2130 4
1459 130 5
1459 357 8
1459 1184 3
1459 1846 6
1460 1044 6
1460 1078 6
1460 1742 6
1460 1770 5
1461 1638 5
1462 456 7
1462 632 8
1462 758 10
1462 1305 4
1462 1560 8
1462 1749 4
1462 1873 6
1462 2020 7
1462 2267 8
1464 2287 10
1466 1110 3
1466 1383 11
1467 599 8
1468 2267 5
1470 1696 17
1473 126 4
1474 808 4
1475 190 3
1475 783 19
1475 926 17
1475 1055 17
1475 1980 19
1476 1343 4
1477 58 10
1479 139 4
1479 359 3
1479 389 6
1479 459 4
1479 594 4
1479 751 3
1479 764 4
1479 928 5
1479 998 4
1479 1084 3
1479 1154 6
1479 1407 6
1479 1585 6
1479 1661 3
1479 1825 7
1479 1955 3
1479 2001 3
1479 2005 4
1479 2051 4
1479 2219 3
1479 2281 3
1480 485 5
1480 1228 13
1480 1500 5
1480 1960 8
1480 2152 6
1481 2219 4
1482 804 3
1484 2031 6
1485 49 10
1485 304 4
1485 318 4
1485 323 8
1485 343 6
1485 461 5
1485 765 9
1485 1185 6
1485 1225 4
1485 1553 6
1485 1599 12
1485 1748 4
1485 1769 4
1485 1976 10
1485 2116 3
1485 2144 5
1486 14 5
1486 1379 3
1487 1819 4
1488 478 7
1488 479 9
1488 1076 9
1488 1116 4
1488 1128 10
1488 1232 8
1488 1328 3
1488 1797 6
1488 2044 7
1488 2068 7
1488 2297 5
1489 2134 6
1490 831 5
1490 996 6
1490 1408 11
1490 1569 9
1490 1955 15
1490 2219 3
1491 181 3
1491 979 3
1495 778 3
1496 66 5
1496 291 3
1496 491 3
1496 597 3
1496 854 3
1496 925 14
1496 933 10
1496 1232 4
1496 1278 11
1496 1330 6
1496 1810 3
1496 2016 3
1497 676 8
1497 1398 3
1498 1516 6
1498 1824 5
1499 1641 3
1500 599 16
1500 1228 4
1504 1634 9
1505 236 3
1505 575 3
1505 706 3
1505 1098 3
1505 1200 3
1505 2137 3
1505 2193 3
1505 2307 3
1506 188 12
1507 279 5
1507 795 4
1507 930 4
1511 642 3
1514 1089 4
1514 1261 4
1514 2298 10
1515 577 10
1515 715 11
1515 1201 6
1517 848 3
1518 706 3
1518 1200 4
1518 2183 3
1520 2012 11
1521 269 3
1521 711 7
1521 1697 3
1521 1712 3
1521 1759 7
1522 1232 6
1523 41 3
1524 2174 7
1525 606 3
1525 753 3
1525 973 26
1527 66 7
1527 160 3
1527 363 10
1527 710 5
1527 771 10
1527 794 4
1527 1649 4
1527 2229 7
1528 405 9
1528 1332 4
1528 2178 13
1529 384 4
1529 713 5
1529 1177 3
1529 1536 4
1529 1785 5
1529 2114 5
1530 1 5
1530 89 5
1530 1467 4
1533 554 5
1533 981 3
1533 2289 4
1534 646 4
1534 678 5
1534 1052 3
1534 1286 4
1535 434 5
1535 585 4
1535 1722 4
1536 1454 3
1536 1679 3
1536 1949 3
1537 692 4
1537 1228 4
1542 346 3
1542 916 4
1542 1064 6
1542 1290 3
1542 1348 4
1542 1469 3
1542 1753 5
1542 1755 7
1542 2040 3
1542 2304 4
1543 412 3
1544 562 6
1545 511 5
1545 1090 5
1545 1109 3
1545 1408 3
1546 584 7
1548 2091 4
1549 45 3
1549 81 12
1549 1066 6
1549 1349 4
1549 1725 11
1550 1428 3
1550 2286 3
1553 49 5
1553 318 6
1553 323 4
1553 765 3
1553 1185 7
1553 1225 4
1553 1599 5
1553 1748 4
1553 1822 5
1553 1831 3
1553 1976 5
1554 913 4
1554 1046 13
1555 787 14
1555 1585 4
1555 1833 3
1556 441 3
1556 1736 3
1559 787 7
1559 1555 11
1559 1758 3
1560 456 7
1560 496 10
1560 758 9
1560 842 6
1560 1305 5
1560 1873 6
1560 1912 6
1560 2020 8
1560 2267 5
1561 1090 3
1562 256 4
1562 680 6
1562 1585 3
1562 1799 8
1562 1833 3
1562 2142 10
1563 630 17
1564 47 4
1564 881 3
1564 1220 7
1564 2160 8
1565 347 6
1565 1184 6
1565 1276 3
1565 1459 6
1565 1846 5
1565 2060 3
1565 2078 3
1567 661 3
1567 1069 3
1568 12 8
1568 497 5
1569 1424 3
1571 1127 15
1574 199 5
1574 289 3
1574 622 4
1574 653 4
1574 1980 4
1577 119 5
1577 219 3
1578 2155 4
1579 1926 7
1581 703 8
1581 865 7
1581 1232 4
1581 1663 3
1581 1988 4
1581 2072 5
1582 13 12
1582 1045 4
1582 1150 3
1582 1340 5
1582 1461 4
1582 1488 3
1582 2012 13
1583 619 7
1583 660 10
1583 793 6
1583 1067 4
1583 1232 3
1583 1357 21
1583 1475 3
1583 1721 8
1585 108 3
1585 122 5
1585 463 5
1585 495 5
1585 511 7
1585 594 6
1585 725 5
1585 754 5
1585 787 5
1585 1181 5
1585 1372 3
1585 1407 6
1585 1559 6
1585 1661 6
1585 1696 4
1585 1782 3
1585 2001 4
1585 2032 6
1585 2081 4
1585 2142 10
1586 163 5
1586 291 7
1586 891 4
1586 1810 7
1586 2015 3
1586 2016 8
1587 613 3
1590 90 9
1590 205 19
1590 809 23
1590 2078 5
1590 2288 4
1591 1412 3
1592 2290 5
1593 437 3
1593 2267 11
1595 86 3
1595 139 4
1595 198 3
1595 309 4
1595 359 4
1595 379 6
1595 389 6
1595 459 4
1595 751 4
1595 764 4
1595 775 4
1595 795 4
1595 854 4
1595 928 5
1595 998 4
1595 1084 3
1595 1154 5
1595 1181 8
1595 1233 4
1595 1381 4
1595 1407 5
1595 1423 7
1595 1484 8
1595 1559 5
1595 1569 4
1595 1585 6
1595 1679 3
1595 1825 7
1595 1891 3
1595 1892 5
1595 1955 5
1595 1967 4
1595 2001 4
1595 2031 9
1595 2219 3
1596 916 5
1596 1893 3
1597 332 3
1597 849 7
1597 1792 4
1598 870 3
1598 1197 4
1598 1334 4
1598 1887 3
1599 49 10
1599 304 3
1599 318 4
1599 323 5
1599 343 4
1599 461 4
1599 700 3
1599 765 9
1599 904 6
1599 1225 5
1599 1748 4
1599 1822 5
1599 1976 7
1599 2116 3
1599 2144 5
1600 50 9
1600 381 4
1601 1514 9
1601 2298 8
1602 65 16
1604 426 10
1604 549 21
1604 704 8
1606 229 3
1606 263 6
1606 780 3
1606 1083 3
1606 1133 3
1606 1344 3
1606 1837 3
1606 1938 3
1606 2021 3
1607 153 4
1607 335 4
1607 912 3
1608 1189 3
1608 1994 3
1608 2263 5
1609 17 3
1612 1321 3
1613 1574 5
1614 478 5
1614 2068 3
1615 1868 4
1616 1731 3
1617 1123 4
1618 410 3
1618 1343 3
1619 139 3
1619 408 6
1619 511 3
1619 1076 3
1619 1150 4
1619 1349 3
1619 1488 3
1619 1679 5
1619 1696 5
1619 1797 3
1619 2044 3
1621 55 5
1622 463 4
1622 1226 11
1622 1378 9
1623 381 3
1624 228 5
1624 234 4
1624 258 9
1625 1611 4
1626 157 10
1626 1328 10
1626 1590 3
1626 1943 15
1626 2211 12
1626 2277 5
1627 164 4
1627 798 3
1627 1150 3
1627 1661 8
1627 1679 5
1627 1797 3
1627 1965 5
1627 2114 7
1628 20 4
1628 300 6
1628 438 10
1628 475 4
1628 1017 3
1628 1241 3
1628 1918 10
1628 2197 5
1628 2219 3
1630 1882 6
1631 501 5
1632 252 5
1632 253 6
1632 331 16
1632 347 10
1632 468 3
1632 530 12
1632 531 8
1632 534 5
1632 681 9
1632 753 3
1632 789 14
1632 1439 7
1632 1908 13
1632 2065 18
1632 2281 3
1632 2282 11
1633 680 4
1633 1562 7
1634 25 3
1634 275 5
1634 442 3
1634 1066 5
1634 1207 4
1634 1349 6
1634 1392 3
1634 1619 3
1634 1725 3
1634 1814 3
1634 2176 11
1635 1383 4
1635 2008 3
1635 2137 5
1636 201 9
1636 1384 3
1636 1492 17
1638 1582 12
1639 786 7
1639 1206 6
1639 1766 5
1640 1608 3
1641 214 5
1642 532 4
1643 2000 3
1647 362 14
1647 490 3
1648 640 5
1649 490 3
1649 2218 3
1650 53 6
1650 577 8
1650 682 3
1650 697 4
1650 715 11
1650 1201 5
1650 1236 8
1650 1515 6
1650 1836 13
1651 777 8
1651 1232 10
1653 444 4
1653 1616 4
1654 354 11
1654 1843 3
1655 3 3
1655 346 4
1655 446 9
1655 610 18
1655 976 9
1655 1033 3
1655 1107 7
1655 1542 3
1658 860 3
1658 880 3
1658 2237 3
1659 19 4
1660 1845 5
1660 2267 10
1661 124 5
1661 347 4
1661 379 3
1661 751 4
1661 955 3
1661 1232 3
1661 1454 5
1661 1595 3
1661 1679 3
1661 1943 3
1661 1949 5
1661 2310 3
1662 703 4
1662 1232 11
1662 1362 3
1666 388 5
1666 992 3
1666 1927 8
1667 63 3
1667 125 5
1667 263 8
1667 466 3
1667 635 3
1667 676 3
1667 780 4
1667 836 4
1667 860 5
1667 961 4
1667 1083 4
1667 1092 4
1667 1161 3
1667 1344 4
1667 1368 5
1667 1570 3
1667 1606 4
1667 1675 3
1667 1837 4
1667 1867 4
1667 2000 3
1667 2021 4
1667 2027 4
1667 2061 3
1667 2242 4
1667 2303 3
1668 1233 7
1668 1802 3
1668 1901 4
1668 2301 5
1669 105 3
1669 579 5
1669 1519 4
1669 1833 3
1670 1290 3
1673 371 16
1674 1494 4
1674 1548 5
1674 1839 4
1674 2091 4
1677 483 3
1677 517 5
1677 1179 3
1677 1343 4
1677 1360 3
1678 2025 6
1679 51 4
1679 57 3
1679 124 7
1679 347 4
1679 478 4
1679 479 5
1679 505 4
1679 565 6
1679 629 3
1679 851 3
1679 1076 3
1679 1128 6
1679 1150 7
1679 1214 3
1679 1232 4
1679 1328 4
1679 1454 10
1679 1488 10
1679 1529 3
1679 1582 4
1679 1670 3
1679 1769 3
1679 1797 4
1679 1920 4
1679 1949 10
1679 1985 3
1679 2044 6
1679 2068 4
1679 2078 5
1679 2262 5
1679 2288 3
1679 2297 3
1684 995 7
1685 456 3
1685 632 3
1685 1736 11
1685 1873 12
1686 143 4
1687 127 4
1687 193 3
1687 225 3
1687 245 3
1687 382 4
1687 640 9
1687 781 3
1687 827 4
1687 839 6
1687 841 7
1687 866 6
1687 994 5
1687 1052 3
1687 1211 3
1687 1286 4
1687 1355 3
1687 1421 3
1687 1570 4
1687 1648 6
1687 1712 4
1687 1759 4
1687 1765 3
1687 1906 4
1687 1934 7
1687 1959 3
1687 2040 3
1687 2069 6
1687 2228 7
1687 2257 4
1687 2303 6
1689 651 5
1689 2306 3
1692 1427 3
1693 1673 5
1694 1858 3
1696 1679 3
1698 1464 5
1699 356 6
1699 774 5
1700 241 8
1700 287 6
1700 816 7
1700 1170 5
1700 1203 7
1700 2057 7
1701 2195 7
1704 35 6
1704 717 3
1705 178 9
1706 1608 4
1706 1930 8
1707 536 14
1707 647 19
1708 951 8
1709 171 4
1709 181 3
1709 979 5
1709 1419 3
1710 975 13
1714 219 7
1714 900 8
1715 225 3
1715 269 3
1715 283 9
1715 334 3
1715 678 3
1715 711 8
1715 781 3
1715 827 3
1715 1286 4
1715 1521 8
1715 1570 3
1715 1697 4
1715 1759 8
1715 1906 3
1715 2228 3
1716 353 4
1716 703 11
1716 778 8
1716 1602 4
1716 2160 3
1717 121 3
1717 1392 3
1717 1677 3
1718 500 3
1718 692 7
1718 717 15
1718 1228 9
1718 1480 8
1718 1537 7
1718 1871 21
1718 2107 9
1718 2152 6
1719 848 6
1720 980 7
1722 405 25
1722 434 4
1722 462 8
1722 665 5
1722 1294 6
1723 274 5
1723 488 4
1723 1954 3
1724 902 8
1724 1292 7
1725 1207 4
1725 1349 5
1725 1392 3
1725 1619 3
1726 1969 3
1731 437 3
1731 1061 4
1731 1238 7
1731 1422 8
1731 1653 5
1731 2059 4
1731 2104 3
1731 2213 3
1732 1250 4
1732 1898 5
1733 899 5
1733 2197 3
1734 546 7
1734 2161 4
1735 823 8
1735 1214 3
1735 1512 3
1735 2078 4
1735 2081 5
1735 2141 3
1735 2244 3
1735 2288 5
1737 301 7
1737 327 3
1737 511 11
1737 819 6
1737 1519 4
1737 1669 3
1737 1833 4
1739 431 7
1739 1206 8
1741 246 3
1741 435 5
1742 1033 3
1742 1044 4
1742 1048 4
1742 1770 5
1743 157 3
1743 479 3
1743 612 3
1743 803 4
1743 873 4
1743 1076 5
1743 1150 6
1743 1488 6
1743 1626 7
1743 1679 7
1743 1943 10
1743 2005 4
1743 2119 3
1743 2211 8
1744 1383 5
1744 1466 3
1745 441 8
1745 907 9
1745 1251 6
1745 1371 10
1745 1556 10
1746 615 9
1746 939 4
1746 1509 3
1747 923 4
1749 157 7
1749 456 6
1749 632 5
1749 758 6
1749 1305 6
1749 1560 4
1749 1873 3
1749 1912 4
1749 2020 6
1749 2133 5
1749 2267 8
1750 2007 6
1753 976 5
1753 1106 6
1753 1162 4
1754 381 3
1754 1600 8
1755 2304 9
1756 1027 3
1757 357 9
1757 520 6
1757 639 5
1757 788 5
1757 1149 7
1757 1432 11
1757 1459 6
1757 1796 3
1757 1846 5
1757 1863 5
1757 1936 7
1757 2162 5
1758 1241 3
1759 1697 4
1759 2303 3
1760 449 7
1761 298 6
1761 799 5
1761 991 10
1761 1221 12
1761 1247 8
1761 1514 4
1761 1601 4
1761 1865 13
1761 2298 3
1763 1 7
1763 89 6
1763 91 9
1763 1467 10
1764 267 5
1764 739 3
1764 1098 4
1764 1114 3
1764 1383 3
1764 1412 7
1764 1591 12
1764 1860 18
1764 2008 3
1764 2158 8
1764 2293 4
1766 786 3
1767 1191 6
1768 246 3
1768 485 4
1768 516 6
1768 1480 6
1768 1899 8
1769 49 5
1769 304 4
1769 318 4
1769 323 3
1769 343 4
1769 765 5
1769 1185 5
1769 1225 4
1769 1553 5
1769 1599 4
1769 1976 7
1769 2005 7
1769 2116 4
1769 2144 5
1771 170 8
1771 329 8
1771 1296 11
1771 1388 7
1771 1429 5
1772 574 4
1773 751 3
1773 764 3
1773 1955 4
1773 2150 4
1774 1585 10
1775 571 5
1776 783 4
1776 1180 8
1777 428 3
1777 1812 3
1779 706 5
1779 721 6
1779 993 5
1779 1098 3
1779 1200 7
1779 1518 5
1779 1922 5
1779 2307 6
1780 418 7
1780 604 3
1780 618 3
1780 645 8
1780 924 4
1780 1150 3
1780 1403 3
1780 1488 3
1780 1789 9
1780 1791 3
1780 2159 3
1780 2207 3
1780 2282 3
1782 108 9
1782 495 3
1784 994 3
1784 1192 3
1784 2040 6
1784 2231 5
1785 32 4
1785 384 6
1785 399 4
1785 408 3
1785 468 3
1785 479 4
1785 615 3
1785 713 7
1785 748 3
1785 753 3
1785 963 3
1785 984 3
1785 991 3
1785 1076 4
1785 1150 5
1785 1177 5
1785 1182 3
1785 1303 3
1785 1454 5
1785 1488 5
1785 1536 5
1785 1679 6
1785 1797 4
1785 1949 5
1785 2001 3
1785 2005 4
1785 2041 3
1785 2044 4
1785 2114 5
1785 2159 3
1785 2297 4
1786 605 3
1786 814 5
1786 1183 6
1786 2142 3
1787 957 5
1787 1445 3
1788 45 5
1788 52 3
1788 418 4
1788 604 3
1788 618 5
1788 645 4
1788 870 3
1788 924 3
1788 999 5
1788 1057 4
1788 1095 4
1788 1197 4
1788 1450 3
1788 1780 3
1788 1789 3
1788 2098 4
1789 45 6
1789 418 5
1789 604 3
1789 999 6
1790 81 4
1790 206 4
1790 293 9
1790 331 6
1790 530 5
1790 531 7
1790 681 6
1790 807 10
1790 1439 4
1790 1632 8
1790 1908 5
1790 2065 4
1793 1045 5
1793 1340 9
1794 248 4
1794 1890 3
1794 2261 3
1795 514 8
1795 1693 15
1795 2145 4
1796 115 4
1796 130 4
1796 288 5
1796 357 6
1796 520 6
1796 639 4
1796 788 3
1796 1432 5
1796 1459 6
1796 1565 4
1796 1846 7
1796 1863 4
1796 1936 7
1797 124 4
1797 309 3
1797 474 3
1797 764 3
1797 991 3
1797 1076 4
1797 1150 3
1797 1454 5
1797 1743 3
1797 1865 3
1797 1943 3
1797 1949 4
1797 2044 3
1797 2207 4
1797 2297 3
1798 283 3
1798 841 4
1798 890 3
1798 1570 4
1800 835 4
1800 1222 4
1800 1434 3
1801 2048 4
1803 291 5
1804 1871 3
1804 1917 4
1805 2189 4
1807 146 8
1807 935 6
1807 1705 3
1807 1731 7
1807 2272 4
1808 490 3
1808 659 5
1809 1510 4
1809 1621 3
1810 891 10
1810 2015 14
1813 2003 6
1814 81 5
1814 517 5
1814 1113 3
1814 1207 3
1814 1349 5
1814 1392 4
1814 1549 3
1814 1619 3
1814 1677 3
1814 1717 5
1814 1725 5
1814 2176 13
1814 2310 3
1815 1504 15
1815 1634 7
1816 1914 5
1817 251 4
1817 2050 7
1818 1428 3
1818 1550 4
1818 2286 4
1820 583 8
1820 591 5
1820 885 7
1820 919 3
1821 351 12
1821 509 3
1821 2304 3
1822 49 5
1822 318 4
1822 323 6
1822 343 9
1822 542 3
1822 700 7
1822 1225 4
1822 1485 8
1822 1748 3
1822 2116 4
1822 2144 4
1825 108 3
1825 164 3
1825 389 6
1825 787 4
1825 928 10
1825 1181 4
1825 1370 4
1825 1381 3
1825 1407 6
1825 1555 4
1825 1559 5
1825 1585 6
1825 2198 4
1826 217 5
1826 973 17
1826 2176 5
1827 1676 6
1828 636 3
1830 2258 3
1831 181 7
1831 302 3
1831 540 3
1831 542 4
1831 873 4
1831 979 5
1831 1419 4
1831 1709 4
1833 43 4
1833 108 30
1833 164 6
1833 204 7
1833 301 6
1833 316 7
1833 389 28
1833 403 3
1833 428 10
1833 495 13
1833 511 6
1833 594 8
1833 715 3
1833 775 7
1833 796 3
1833 823 7
1833 938 14
1833 1002 6
1833 1154 4
1833 1235 3
1833 1272 9
1833 1300 5
1833 1411 5
1833 1455 5
1833 1545 4
1833 1585 6
1833 1668 3
1833 1782 9
1833 1825 8
1833 1859 10
1833 1965 6
1833 2023 10
1833 2032 6
1833 2067 5
1833 2122 3
1833 2208 5
1833 2241 6
1835 570 3
1835 1376 8
1835 1577 8
1836 53 4
1836 697 6
1838 211 4
1838 556 7
1838 844 3
1838 2064 4
1840 215 20
1840 1526 16
1845 2267 23
1846 130 7
1846 357 9
1847 276 3
1849 1524 9
1851 32 5
1851 78 4
1851 363 5
1851 692 4
1851 840 4
1851 978 3
1851 1013 4
1851 1255 6
1851 1984 3
1851 2128 3
1855 170 10
1855 329 21
1855 408 3
1855 1287 6
1855 1296 14
1855 1429 4
1855 1771 10
1855 2023 4
1856 159 5
1856 236 3
1856 748 3
1856 968 3
1856 1064 12
1856 1106 3
1856 1542 4
1856 1753 7
1856 2246 5
1857 1318 3
1858 0 6
1858 1424 8
1859 108 4
1859 316 4
1859 403 3
1859 1782 5
1860 3 3
1860 203 3
1860 267 4
1860 739 4
1860 994 5
1860 1114 5
1860 1542 3
1860 1591 6
1860 2036 5
1860 2137 3
1860 2158 6
1861 1147 4
1862 610 6
1863 357 9
1863 520 7
1863 639 6
1863 788 5
1863 1149 9
1863 1432 11
1863 1459 6
1863 1846 5
1864 326 8
1865 298 7
1865 799 3
1865 850 3
1865 1076 5
1865 1150 5
1865 1247 6
1865 1488 5
1865 1679 6
1865 2044 5
1866 83 5
1866 198 5
1866 886 5
1866 1380 3
1866 2045 3
1866 2075 5
1866 2100 7
1866 2199 8
1868 759 5
1869 549 14
1869 1604 18
1871 717 5
1871 2107 4
1872 539 4
1873 456 3
1873 496 4
1873 632 3
1873 758 4
1873 1736 20
1876 1049 4
1876 1851 4
1877 495 3
1877 787 3
1878 2033 3
1879 1082 6
1880 374 6
1882 356 7
1882 578 11
1882 774 9
1882 2046 5
1883 333 5
1883 364 7
1884 1646 3
1885 1270 11
1885 1845 4
1885 2135 7
1886 847 10
1886 1258 12
1886 1513 6
1886 2056 17
1886 2220 6
1886 2280 22
1887 962 5
1887 1197 3
1887 1450 4
1889 1575 4
1890 678 3
1890 994 5
1890 1083 3
1891 581 3
1891 1713 3
1891 1952 8
1892 218 8
1892 1484 11
1892 2031 9
1894 322 5
1894 568 5
1894 641 5
1894 1444 6
1894 1561 3
1894 2203 4
1894 2235 10
1895 120 4
1896 1247 4
1897 20 11
1897 338 12
1897 2219 4
1898 337 7
1899 1480 3
1899 1905 5
1899 2143 4
1899 2152 3
1900 2166 6
1904 1180 4
1906 104 5
1906 225 4
1906 270 4
1906 283 6
1906 334 4
1906 678 5
1906 711 5
1906 839 5
1906 994 4
1906 1079 4
1906 1286 6
1906 1339 7
1906 1521 4
1906 1570 4
1906 1759 4
1906 2069 7
1906 2257 6
1908 331 6
1908 530 6
1908 531 7
1908 1439 5
1909 1968 3
1910 1970 6
1911 283 5
1911 473 3
1911 646 5
1911 678 9
1911 711 4
1911 827 3
1911 839 3
1911 890 3
1911 994 10
1911 1217 4
1911 1286 4
1911 1355 3
1911 1521 3
1911 1715 3
1911 1759 3
1911 1860 5
1911 1934 4
1911 2257 3
1912 157 4
1912 456 5
1912 632 7
1912 1324 5
1912 1826 7
1912 2133 4
1913 867 6
1913 1426 3
1918 20 7
1918 300 6
1918 2197 4
1918 2219 4
1919 1746 4
1921 1153 3
1922 13 4
1922 361 4
1922 679 5
1922 721 13
1922 770 7
1922 811 3
1922 968 3
1922 993 3
1922 1200 5
1922 1997 4
1922 2012 3
1922 2183 4
1924 679 4
1924 2283 3
1925 250 12
1926 361 4
1926 2037 14
1926 2312 8
1927 388 5
1927 801 5
1927 992 5
1927 1312 5
1927 1336 5
1927 2022 5
1929 1224 7
1929 1433 6
1930 1608 5
1931 28 3
1932 188 8
1932 918 5
1932 1119 13
1932 1483 5
1933 1410 4
1934 104 6
1934 143 3
1934 225 3
1934 473 3
1934 668 3
1934 711 3
1934 827 6
1934 839 3
1934 890 3
1934 994 3
1934 1286 4
1934 1570 3
1934 1712 3
1934 1765 3
1934 2303 3
1935 516 5
1935 1905 12
1936 115 6
1936 357 10
1936 520 12
1936 639 6
1936 788 8
1936 1143 4
1936 1459 6
1936 1846 6
1936 1863 7
1936 2162 3
1937 271 5
1937 728 4
1937 1953 4
1937 2313 5
1938 1675 3
1939 31 5
1940 146 7
1940 203 3
1940 208 4
1940 492 6
1940 865 3
1940 935 7
1940 1617 3
1940 1731 6
1940 1916 3
1941 1103 4
1942 1334 6
1943 157 7
1943 479 3
1943 1076 5
1943 1150 5
1943 1328 12
1943 1488 5
1943 1679 5
1943 2044 5
1943 2211 11
1943 2277 5
1944 833 10
1944 925 5
1945 1180 4
1947 1035 3
1948 1489 5
1948 2259 4
1949 399 4
1949 408 3
1949 479 4
1949 713 4
1949 850 3
1949 851 3
1949 963 3
1949 1076 7
1949 1150 7
1949 1488 8
1949 1529 3
1949 1985 3
1949 2005 5
1949 2044 6
1949 2108 3
1949 2119 4
1949 2130 4
1951 20 5
1951 355 3
1951 457 3
1951 685 8
1951 747 3
1951 821 3
1951 885 4
1951 897 7
1951 986 15
1951 996 4
1951 1075 13
1951 1584 4
1951 1588 3
1951 1672 5
1951 1721 9
1951 1897 7
1951 2106 18
1951 2112 3
1951 2197 9
1953 271 3
1953 614 5
1953 2313 4
1954 337 6
1955 18 4
1955 139 4
1955 264 5
1955 359 4
1955 479 3
1955 761 4
1955 764 6
1955 767 4
1955 795 5
1955 965 5
1955 998 4
1955 1084 3
1955 1101 5
1955 1150 5
1955 1159 5
1955 1219 5
1955 1310 3
1955 1424 7
1955 1488 5
1955 1661 3
1955 1679 4
1955 1967 4
1955 2044 5
1955 2146 3
1955 2285 5
1956 633 3
1956 2165 4
1959 866 4
1960 89 3
1960 91 4
1960 599 17
1960 701 4
1960 1467 6
1960 1500 5
1962 6 4
1962 148 14
1962 279 8
1962 309 3
1962 474 4
1962 764 4
1962 930 4
1963 641 7
1963 1090 21
1963 1894 18
1963 2203 5
1963 2235 11
1964 470 6
1964 1866 6
1964 2045 4
1964 2199 7
1965 3 3
1965 164 12
1965 495 4
1965 511 6
1965 796 3
1965 1103 8
1965 1488 3
1965 1582 3
1965 1679 3
1965 1782 3
1965 1891 3
1965 2032 4
1965 2159 4
1966 642 5
1967 136 3
1967 139 6
1967 479 3
1967 751 3
1967 761 8
1967 998 7
1967 1076 3
1967 1310 3
1967 1488 3
1967 1679 4
1967 1797 3
1967 2044 3
1967 2285 3
1972 443 7
1972 1056 6
1974 283 5
1974 334 7
1974 1079 9
1974 1339 10
1974 1521 5
1974 1759 4
1974 2069 4
1974 2257 8
1976 304 3
1976 323 3
1976 343 4
1976 765 8
1976 1225 4
1976 1748 4
1976 1822 6
1976 2116 4
1976 2144 5
1977 1248 3
1979 8 4
1979 490 4
1979 727 3
1980 926 4
1980 1189 4
1980 1600 3
1980 2263 4
1982 66 7
1982 363 5
1984 201 4
1984 1384 5
1984 1492 7
1984 1636 6
1985 49 4
1985 304 4
1985 318 4
1985 323 4
1985 343 3
1985 765 3
1985 1117 4
1985 1185 4
1985 1225 3
1985 1485 3
1985 1553 3
1985 1599 3
1985 1748 4
1985 1822 3
1985 1976 4
1985 2005 7
1985 2144 3
1986 514 6
1986 1795 5
1986 2145 4
1987 362 9
1987 490 19
1987 1647 5
1987 2106 8
1988 1603 5
1989 340 3
1990 1408 6
1991 369 3
1994 2263 9
1997 706 3
1997 721 7
1997 770 6
1997 968 3
1997 993 6
1997 1098 4
1997 1114 3
1997 1200 5
1997 1263 3
1997 1518 4
1997 2077 6
1997 2183 4
1997 2193 4
1997 2307 5
1998 161 3
1998 1156 10
1998 2150 4
2001 300 4
2001 359 4
2001 660 7
2001 778 6
2001 1544 7
2001 2146 4
2001 2159 3
2001 2197 3
2003 88 3
2003 154 3
2003 567 3
2003 971 3
2003 1041 3
2003 1682 3
2003 2110 3
2005 49 8
2005 195 3
2005 260 3
2005 304 5
2005 318 5
2005 323 7
2005 343 6
2005 542 4
2005 700 8
2005 713 3
2005 765 7
2005 873 5
2005 1185 10
2005 1225 5
2005 1485 11
2005 1553 7
2005 1599 6
2005 1748 5
2005 1822 12
2005 1976 11
2005 2113 5
2005 2116 4
2005 2130 3
2005 2144 7
2005 2159 3
2006 1931 12
2008 430 3
2008 1098 3
2008 1110 3
2008 1383 3
2008 2293 3
2009 683 9
2009 1030 8
2009 1664 8
2010 937 14
2010 1110 3
2010 1263 3
2011 1839 3
2012 287 3
2012 1063 3
2012 1335 14
2012 1638 24
2012 1670 3
2013 785 6
2014 29 6
2015 48 3
2015 66 5
2015 291 9
2015 491 5
2015 619 5
2015 891 4
2015 1803 6
2016 163 4
2016 619 14
2016 694 5
2016 891 9
2016 1803 3
2016 1810 12
2016 2015 9
2017 1045 8
2017 1150 3
2017 1477 6
2017 1488 3
2017 1679 3
2020 157 6
2020 456 9
2020 496 13
2020 632 9
2020 758 8
2020 842 7
2020 1305 5
2020 1685 3
2020 2267 4
2021 804 3
2022 992 3
2023 421 3
2023 1753 3
2023 1941 5
2023 2037 5
2024 356 6
2024 578 6
2024 774 9
2024 985 4
2024 1699 8
2024 1882 9
2024 2046 6
2025 309 3
2025 379 5
2025 751 5
2025 1101 3
2025 1154 4
2025 1159 3
2025 1569 4
2025 1825 4
2025 1955 6
2025 2005 3
2025 2285 3
2030 267 3
2030 1114 3
2030 2137 3
2031 218 3
2031 1370 9
2032 148 3
2032 428 3
2032 452 4
2032 463 8
2032 775 19
2032 1272 6
2032 1300 4
2032 1370 6
2032 1454 4
2032 1582 3
2032 1743 3
2032 1893 3
2032 1943 3
2032 2001 3
2032 2051 4
2032 2219 3
2034 1058 8
2035 256 6
2035 1183 3
2037 732 5
2037 954 8
2037 1579 14
2037 1679 3
2037 2312 12
2038 362 5
2039 273 3
2039 1400 3
2039 1605 5
2040 480 3
2040 678 5
2040 841 5
2040 953 3
2040 994 5
2040 1010 3
2040 1083 3
2040 1192 3
2040 2303 3
2041 196 4
2041 733 5
2041 949 5
2041 1076 3
2041 1150 4
2041 1182 4
2041 1488 4
2041 1679 5
2041 1797 3
2041 2044 3
2041 2108 3
2041 2297 3
2043 912 3
2045 83 5
2045 470 12
2045 886 7
2045 996 5
2045 2075 4
2045 2100 3
2045 2199 5
2046 578 4
2047 205 3
2047 1374 12
2047 1918 18
2047 2001 6
2047 2146 10
2048 551 4
2049 159 5
2049 766 7
2049 1064 10
2049 1114 3
2049 1234 7
2049 1542 3
2049 1753 7
2049 1856 7
2049 2246 3
2049 2293 3
2050 251 8
2050 585 11
2051 38 4
2051 495 6
2051 594 4
2051 775 4
2051 787 4
2051 1093 4
2051 1555 4
2051 1833 5
2051 2159 3
2052 27 3
2053 66 3
2053 137 5
2056 835 4
2056 847 23
2056 1258 21
2056 1513 11
2056 2179 8
2056 2220 14
2056 2280 16
2057 287 4
2057 816 3
2057 1170 5
2057 1203 9
2057 1256 3
2058 778 4
2062 486 3
2063 511 4
2063 1895 8
2065 252 7
2065 253 6
2065 293 10
2065 347 6
2065 468 8
2065 530 12
2065 534 8
2065 681 13
2065 753 6
2065 1403 3
2065 1908 8
2065 2281 5
2065 2282 13
2066 416 8
2066 569 7
2066 911 5
2066 1377 3
2066 1823 3
2068 478 14
2068 521 5
2068 1367 4
2069 54 3
2069 104 6
2069 143 3
2069 193 3
2069 270 4
2069 283 6
2069 334 4
2069 382 4
2069 473 3
2069 711 4
2069 799 6
2069 827 4
2069 830 5
2069 839 4
2069 890 4
2069 994 4
2069 1286 6
2069 1355 3
2069 1514 7
2069 1521 4
2069 1570 4
2069 1601 4
2069 1712 4
2069 1751 3
2069 1765 3
2069 1934 6
2069 1970 4
2069 2228 6
2069 2257 6
2069 2261 3
2069 2298 6
2070 989 7
2071 1957 8
2072 324 5
2072 423 5
2072 960 10
2072 1172 5
2072 1850 3
2074 154 3
2074 1682 3
2074 2003 4
2075 1964 5
2075 2100 4
2076 1807 3
2077 73 3
2077 706 4
2077 721 6
2077 968 4
2077 993 4
2077 1098 5
2077 1200 6
2077 1518 3
2077 1779 4
2077 2183 4
2077 2307 4
2078 849 4
2078 1512 8
2078 1757 4
2078 1783 3
2078 1858 5
2078 1896 6
2078 1920 5
2078 2141 6
2078 2244 7
2078 2288 7
2080 1844 3
2082 1551 4
2083 478 3
2083 514 3
2083 521 3
2083 563 5
2083 760 5
2083 2068 3
2084 1692 4
2085 1498 13
2085 1824 4
2086 1564 3
2086 2160 3
2087 1528 6
2088 267 4
2089 649 8
2089 670 8
2089 1597 6
2090 1453 3
2092 1951 9
2092 2171 3
2092 2197 5
2093 77 9
2093 391 3
2093 927 8
2093 1427 11
2093 2302 7
2095 1746 7
2096 1581 7
2098 52 9
2098 418 11
2098 604 3
2098 870 6
2098 962 3
2098 999 5
2098 1057 11
2098 1095 9
2098 1197 8
2098 1403 11
2098 1450 5
2098 1725 3
2098 1780 7
2098 1789 5
2098 1791 6
2098 2176 9
2099 256 17
2099 511 3
2102 353 4
2103 364 7
2106 1721 9
2106 2197 4
2107 661 3
2107 672 5
2107 697 6
2107 717 11
2107 1167 4
2107 1228 6
2107 2143 3
2108 384 8
2108 499 10
2108 713 11
2108 1076 3
2108 1086 5
2108 1150 3
2108 1177 9
2108 1529 8
2108 1536 8
2108 1627 10
2108 1679 3
2108 1785 14
2108 1797 3
2108 2044 3
2108 2114 12
2108 2130 19
2108 2297 3
2109 181 5
2109 260 6
2109 542 4
2109 700 8
2109 873 4
2109 979 3
2109 1419 3
2109 1491 4
2109 1709 4
2109 1831 7
2111 1209 9
2111 1246 8
2111 1390 5
2111 1437 6
2112 215 9
2112 284 6
2112 564 3
2112 834 8
2112 1526 9
2112 1840 9
2113 765 3
2113 1117 3
2113 1553 4
2113 1748 3
2114 384 7
2114 713 4
2114 1536 5
2115 2263 4
2117 36 10
2117 1680 3
2118 799 5
2119 612 6
2119 713 3
2119 1785 3
2119 2018 7
2120 636 4
2123 401 6
2123 973 3
2123 1556 8
2124 384 3
2124 1086 3
2124 1177 4
2124 1529 3
2124 1785 4
2124 2108 5
2124 2114 4
2126 35 6
2126 664 7
2126 717 5
2126 901 5
2126 1228 3
2126 1341 4
2126 1704 5
2128 201 6
2128 1384 5
2128 1492 7
2128 1984 3
2130 384 8
2130 479 4
2130 499 9
2130 713 8
2130 911 3
2130 1045 3
2130 1076 3
2130 1150 4
2130 1177 10
2130 1488 4
2130 1529 7
2130 1536 4
2130 1627 11
2130 1743 3
2130 1785 9
2130 1936 3
2130 2001 3
2130 2044 3
2130 2114 9
2130 2124 7
2130 2297 3
2131 2142 4
2132 67 5
2132 1318 4
2133 456 9
2133 496 10
2133 632 6
2133 758 7
2133 1305 5
2133 1462 6
2133 1560 15
2133 1873 6
2133 2020 9
2134 32 4
2134 79 3
2134 86 3
2134 139 4
2134 164 4
2134 264 3
2134 309 4
2134 359 3
2134 379 7
2134 389 6
2134 511 5
2134 751 4
2134 803 4
2134 831 3
2134 921 3
2134 928 6
2134 935 4
2134 965 3
2134 998 4
2134 1101 3
2134 1154 5
2134 1159 3
2134 1219 3
2134 1370 6
2134 1381 3
2134 1424 3
2134 1585 6
2134 1595 5
2134 1679 3
2134 1769 3
2134 1825 5
2134 1833 4
2134 1955 5
2134 1965 4
2134 2005 4
2134 2051 4
2134 2072 3
2134 2146 3
2134 2189 3
2134 2224 3
2134 2285 3
2136 131 3
2136 424 7
2137 69 4
2137 111 4
2137 221 14
2137 267 15
2137 280 3
2137 430 13
2137 937 4
2137 1110 5
2137 1114 5
2137 1263 3
2137 1383 10
2137 1466 11
2137 1744 5
2137 2008 22
2137 2070 3
2137 2158 4
2137 2193 3
2137 2293 5
2139 328 5
2140 278 8
2141 1512 7
2141 2288 4
2142 38 10
2142 218 8
2142 511 4
2142 1093 7
2142 1892 3
2143 352 3
2143 373 8
2143 1730 4
2143 1928 6
2143 1940 4
2144 49 5
2144 318 6
2144 323 3
2144 343 3
2144 765 3
2144 1225 5
2144 1553 7
2144 1748 9
2144 2113 9
2146 1094 4
2148 671 5
2148 1609 5
2150 1156 5
2150 2192 6
2151 545 6
2152 599 11
2152 717 3
2152 1228 4
2152 1500 4
2152 1703 4
2153 1488 3
2153 1679 4
2156 681 3
2156 924 3
2156 1040 4
2156 1403 3
2156 1565 4
2156 2065 3
2156 2282 4
2157 1468 4
2157 2138 3
2158 267 3
2159 407 3
2159 823 6
2159 1088 3
2159 1214 4
2159 1328 3
2159 1619 3
2159 1735 4
2159 1769 3
2159 1806 8
2159 2245 3
2161 489 6
2161 548 4
2163 1072 3
2169 1903 3
2170 273 5
2171 689 12
2171 831 8
2171 1951 7
2171 2197 4
2171 2219 9
2173 208 4
2173 935 6
2173 1731 6
2173 2272 4
2175 1442 8
2176 45 5
2176 75 3
2176 81 7
2176 275 3
2176 442 5
2176 573 5
2176 811 4
2176 917 11
2176 1066 15
2176 1207 9
2176 1221 3
2176 1349 11
2176 1360 4
2176 1392 18
2176 1403 3
2176 1549 12
2176 1619 7
2176 1685 6
2176 1725 9
2176 1873 4
2176 2212 7
2177 100 7
2177 121 3
2177 129 8
2177 410 8
2177 1113 5
2177 1121 6
2177 1343 5
2177 1476 3
2177 1618 3
2177 1814 4
2178 1294 3
2179 847 5
2179 1258 7
2179 1886 15
2179 2220 4
2181 1426 5
2182 32 4
2182 713 3
2182 978 3
2182 1284 3
2182 1470 3
2182 1679 3
2182 1785 3
2182 2130 3
2183 706 4
2183 993 7
2183 1098 3
2183 1200 6
2183 1779 5
2183 2193 3
2183 2307 4
2185 34 4
2185 493 11
2186 1086 6
2187 1778 4
2189 124 8
2192 751 3
2192 764 4
2192 1679 3
2192 1967 4
2193 1098 4
2194 682 3
2194 1167 7
2195 1465 3
2195 1711 4
2196 1832 13
2197 893 4
2197 964 8
2198 624 8
2198 1084 3
2198 1154 4
2198 1585 5
2198 1833 5
2199 83 4
2199 996 7
2199 1380 3
2199 2075 7
2199 2100 5
2200 813 6
2200 925 7
2200 1232 3
2200 1317 3
2200 1496 4
2201 617 4
2203 1985 3
2204 600 3
2206 1504 13
2206 1634 4
2206 1815 14
2207 565 5
2207 803 3
2207 955 3
2207 1076 6
2207 1150 7
2207 1232 3
2207 1488 7
2207 1627 4
2207 1661 9
2207 1679 8
2207 2044 6
2207 2297 6
2210 285 6
2210 1003 6
2210 1103 4
2211 157 6
2211 1328 5
2212 243 16
2214 852 6
2214 1193 15
2215 502 3
2216 736 4
2216 1368 3
2217 1018 8
2219 20 3
2219 29 3
2219 239 3
2219 355 5
2219 463 3
2219 566 3
2219 996 5
2219 1951 15
2219 2001 3
2219 2197 10
2220 847 7
2220 1205 3
2220 1258 14
2220 1513 6
2221 11 3
2221 358 3
2221 1248 4
2221 1458 3
2221 1610 3
2221 1695 3
2223 202 3
2223 1652 5
2224 157 3
2224 479 3
2224 803 4
2224 1150 3
2224 1328 6
2224 1488 3
2224 1626 11
2224 1679 4
2224 1743 10
2224 1769 3
2224 1943 10
2224 2005 5
2224 2211 8
2225 1898 11
2228 104 4
2228 225 3
2228 283 3
2228 334 3
2228 473 3
2228 711 3
2228 781 3
2228 827 3
2228 839 3
2228 994 3
2228 1052 3
2228 1079 3
2228 1355 3
2228 1521 4
2228 1570 3
2228 1712 3
2228 1759 3
2228 1765 3
2228 1934 8
2228 2257 5
2228 2261 3
2228 2303 3
2229 1448 3
2229 2218 3
2231 110 3
2231 1010 3
2231 2040 6
2232 2090 5
2233 1637 4
2234 1160 3
2235 322 3
2235 568 4
2235 641 4
2235 1444 4
2235 1769 3
2235 2203 5
2237 125 3
2237 165 3
2237 229 4
2237 263 5
2237 395 3
2237 572 4
2237 601 3
2237 676 3
2237 836 3
2237 860 4
2237 953 3
2237 961 3
2237 1083 3
2237 1133 3
2237 1161 4
2237 1222 6
2237 1246 5
2237 1344 3
2237 1368 3
2237 1390 4
2237 1409 3
2237 1437 4
2237 1606 4
2237 1667 5
2237 1837 3
2237 2027 3
2237 2111 12
2238 239 5
2238 559 3
2238 629 5
2238 2078 3
2241 584 4
2241 1370 3
2241 1585 3
2242 125 7
2242 239 7
2242 466 4
2242 572 4
2242 676 6
2242 749 4
2242 779 3
2242 860 6
2242 961 7
2242 1092 7
2242 1222 4
2242 1837 3
2244 1512 9
2244 2141 10
2245 100 5
2245 517 4
2245 1392 3
2245 1451 9
2245 1488 3
2245 1677 3
2245 1717 4
2245 1814 4
2245 2023 6
2246 236 10
2246 575 5
2246 1114 5
2248 156 11
2248 417 10
2248 857 8
2248 1424 3
2250 443 8
2250 512 4
2250 1056 4
2250 1972 7
2251 213 7
2251 661 6
2251 970 6
2251 1069 4
2251 1567 9
2252 1818 6
2253 859 4
2254 223 3
2256 147 3
2256 171 6
2256 181 6
2256 260 5
2256 540 3
2256 542 5
2256 700 17
2256 873 5
2256 979 7
2256 1419 6
2256 1491 5
2256 1671 4
2256 1709 5
2256 1831 6
2256 2109 8
2257 283 5
2257 334 4
2257 382 3
2257 711 3
2257 781 3
2257 827 3
2257 839 3
2257 1052 3
2257 1521 3
2257 1570 3
2257 1715 5
2257 1751 3
2257 1759 3
2257 2261 3
2260 608 3
2260 1148 5
2262 80 9
2262 101 9
2262 176 7
2262 478 5
2262 479 11
2262 1076 4
2262 1116 3
2262 1128 8
2262 1488 9
2262 1627 5
2262 1661 11
2262 2068 4
2262 2207 7
2263 4 11
2263 30 3
2263 52 3
2263 106 3
2263 710 3
2263 727 3
2263 1299 3
2263 1379 5
2263 1441 4
2263 1640 9
2263 1706 11
2263 1901 3
2263 1930 8
2265 393 8
2266 698 3
2267 157 7
2267 412 3
2267 590 5
2267 758 5
2267 825 10
2267 1056 14
2267 1097 9
2267 1119 3
2267 1141 3
2267 1230 4
2267 1231 4
2267 1382 7
2267 1992 6
2267 2072 4
2267 2133 5
2267 2173 8
2267 2209 4
2267 2247 4
2269 945 20
2269 1183 7
2269 1585 3
2269 1786 4
2270 1232 7
2271 1898 13
2271 2225 6
2272 208 21
2272 380 6
2272 524 3
2272 785 8
2272 848 6
2272 997 3
2272 1180 4
2272 1232 4
2272 1316 4
2272 1746 4
2272 1850 4
2272 1940 3
2272 1991 3
2272 2013 9
2272 2072 6
2272 2229 3
2273 273 4
2275 1596 6
2275 1893 3
2276 23 9
2276 174 5
2276 378 8
2276 960 3
2276 1580 7
2276 1746 4
2278 1334 4
2280 465 5
2280 835 3
2280 1053 3
2280 1258 13
2280 1513 4
2280 2179 15
2280 2220 5
2281 252 4
2281 347 6
2281 468 3
2281 530 4
2281 681 4
2281 753 3
2281 955 3
2282 252 12
2282 253 14
2282 468 13
2282 530 11
2282 681 8
2282 702 8
2282 753 11
2282 955 9
2282 1254 12
2282 2281 9
2283 103 13
2283 652 6
2283 1366 4
2284 712 4
2284 1283 8
2284 1688 4
2285 414 4
2285 659 3
2285 1424 4
2287 1698 5
2288 823 5
2288 1512 4
2288 2244 4
2289 554 6
2291 2255 3
2293 73 6
2293 169 5
2293 236 8
2293 267 4
2293 494 7
2293 525 6
2293 602 4
2293 655 4
2293 720 3
2293 721 3
2293 748 9
2293 798 4
2293 802 5
2293 862 3
2293 968 5
2293 1098 6
2293 1110 4
2293 1114 11
2293 1217 3
2293 1234 5
2293 1412 18
2293 1505 4
2293 1856 5
2293 1860 4
2293 2193 6
2293 2246 7
2294 199 6
2294 1613 5
2294 1980 4
2295 877 5
2296 2263 3
2297 468 4
2297 474 6
2297 713 4
2297 764 7
2297 795 4
2297 928 4
2297 991 6
2297 1454 8
2297 1743 6
2297 1865 6
2297 1949 8
2299 454 17
2299 898 15
2299 1068 11
2299 1103 4
2299 1853 15
2300 1923 8
2302 1427 3
2304 2000 3
2305 375 3
2306 1907 3
2307 706 4
2307 720 3
2307 1518 5
2307 2193 3
2308 369 7
2308 1176 3
2308 1991 4
2309 1839 4
2309 2011 3
2310 339 3
2310 442 3
2310 917 3
2310 1207 4
2310 1349 4
2310 1360 3
2310 2176 3
2311 37 5
2311 878 12
2311 1320 5
2311 1412 3
2312 679 4
2313 271 5
2313 614 4
2313 728 4
2314 2213 3
2315 298 10
2315 514 4
2315 559 5
2315 799 8
2315 1247 9
2315 1514 8
2315 1601 8
2315 2298 6
