2 930 7
4 66 3
4 306 9
4 509 4
4 1694 16
6 290 11
6 1141 7
6 1971 8
7 1274 3
10 749 3
10 1429 4
10 2159 3
10 2195 4
12 762 9
13 1939 5
14 381 5
14 424 3
14 1200 6
14 1604 3
15 1739 8
16 245 3
18 1320 4
18 2160 7
19 485 3
19 543 3
19 1654 5
20 72 3
20 779 3
20 1881 3
20 2171 11
22 1 6
24 2140 7
26 36 5
26 1793 4
28 492 5
28 1067 4
28 1468 4
28 2237 4
29 66 4
29 1762 6
30 447 5
30 1096 6
30 1219 5
30 1430 8
30 1512 3
30 1648 7
30 2032 4
30 2046 4
31 102 6
33 2256 3
34 417 9
34 745 6
34 1203 5
34 1301 3
34 1493 3
34 2050 3
36 580 3
37 697 4
37 1078 4
38 1883 5
39 677 3
39 725 3
39 1005 3
39 1151 5
39 1798 5
41 678 3
42 912 5
42 1604 3
44 178 3
44 267 14
44 851 3
46 198 7
46 1221 6
47 1879 5
48 335 8
48 529 5
48 965 3
48 1030 7
49 1372 8
49 1536 5
51 48 3
51 965 3
54 279 3
54 480 5
54 628 5
54 735 5
54 783 3
54 969 3
54 996 6
54 1081 5
54 1082 3
54 1115 6
54 1454 6
54 1544 3
54 1826 4
54 1874 7
54 2111 6
55 856 5
55 2226 4
56 2060 4
57 362 4
57 427 7
57 1548 3
57 2281 4
58 332 5
58 2146 3
59 945 3
61 101 10
61 245 3
61 253 11
61 381 3
61 454 3
61 786 14
61 977 6
61 997 3
61 1070 3
61 1310 3
61 1604 5
61 1959 4
62 455 3
62 591 3
62 1058 13
62 1201 5
64 811 6
65 1310 7
65 2106 3
66 17 3
66 105 3
66 183 8
66 433 9
66 510 3
66 562 4
66 607 4
66 866 4
66 1040 21
66 1249 3
66 1584 6
66 1609 4
66 1805 3
66 1879 6
66 1959 4
66 2057 6
69 322 8
69 998 7
70 625 6
71 34 3
71 417 3
71 1059 12
71 1612 7
72 340 3
72 779 7
72 1237 4
72 2041 3
73 262 5
73 311 6
73 1074 7
73 1454 6
74 1879 6
77 547 5
77 961 5
77 2159 4
78 152 7
78 514 9
78 677 6
78 686 6
78 1309 7
78 1316 11
78 1668 5
78 1889 5
78 2062 3
78 2248 8
81 1144 15
82 178 5
82 301 3
82 1123 3
82 1554 4
82 1755 3
83 1379 4
84 104 3
84 252 3
84 492 4
84 586 3
84 942 4
84 1757 14
84 1762 5
87 1861 5
88 1604 7
88 1972 5
89 543 4
90 626 3
90 718 4
90 1959 11
91 617 8
91 695 3
91 1002 3
91 1043 9
91 1690 21
91 1871 19
93 173 7
93 358 4
93 1201 6
93 1291 5
93 1864 5
96 1112 3
97 125 3
97 196 4
97 237 5
97 327 3
97 645 5
97 654 3
97 661 4
97 775 5
97 834 4
97 1100 4
97 1106 5
97 1155 4
97 1315 4
97 1437 4
97 1601 5
97 1644 3
97 1872 7
97 1927 4
97 2241 3
97 2268 4
97 2296 4
97 2304 4
98 1811 3
103 224 3
103 1783 3
105 184 3
105 483 3
106 48 3
106 335 7
106 965 6
107 1634 3
109 722 4
110 419 3
110 763 3
110 1634 3
112 232 3
112 346 4
112 451 3
112 497 4
112 555 4
112 819 3
112 936 3
112 1082 7
112 1248 4
112 1308 4
112 1540 3
112 1696 4
112 1764 3
112 1978 4
112 1989 4
112 2024 3
112 2173 3
113 1846 13
114 73 8
114 262 5
114 311 7
114 735 9
114 1074 6
114 1454 7
115 1608 3
116 1912 4
117 124 3
117 566 3
118 481 12
120 162 10
120 388 4
120 502 6
120 725 6
120 745 6
120 749 3
120 1429 5
120 1465 4
120 1668 3
120 1780 4
120 1798 8
120 1959 3
120 2159 3
121 692 8
121 1575 4
121 1905 4
123 894 5
124 2118 6
125 212 3
125 309 3
125 661 3
125 1100 3
125 1155 3
125 1925 6
125 2059 3
125 2268 3
125 2296 3
126 160 3
126 375 3
126 499 3
126 736 5
126 1198 7
126 1440 3
126 1497 4
126 1572 4
126 1755 13
126 1756 4
126 1799 5
126 1985 4
127 803 11
127 1663 4
127 1953 7
128 199 18
128 1820 14
129 736 8
130 121 7
130 150 4
130 249 10
130 272 8
130 692 6
130 783 3
130 970 6
130 1063 5
130 1139 3
130 1299 6
130 1328 10
130 1575 9
130 1706 3
130 1905 8
130 1937 3
130 2035 7
130 2156 8
130 2172 8
132 1805 3
134 1117 5
134 2000 3
135 82 3
135 126 5
135 171 5
135 621 5
135 1440 5
135 1554 6
135 1755 6
135 1799 7
137 12 5
138 203 7
138 1667 8
139 228 3
140 632 5
140 776 5
140 2072 11
141 52 4
141 1952 4
142 179 4
142 706 4
142 1381 10
142 1763 3
142 1891 3
144 62 7
144 93 14
144 173 10
144 192 3
144 233 5
144 242 6
144 334 6
144 358 3
144 379 6
144 455 6
144 563 4
144 655 8
144 762 4
144 794 10
144 884 9
144 913 3
144 933 3
144 1011 8
144 1058 5
144 1059 7
144 1092 5
144 1190 6
144 1229 13
144 1242 4
144 1269 6
144 1291 30
144 1325 7
144 1358 6
144 1617 5
144 1745 3
144 1828 7
144 1864 9
144 1916 3
144 1966 5
144 2014 10
144 2098 6
144 2205 28
145 1178 3
147 778 6
147 2284 5
149 922 3
151 490 3
152 34 3
152 39 3
152 112 3
152 120 6
152 181 4
152 248 3
152 263 3
152 307 3
152 388 4
152 417 5
152 426 5
152 440 4
152 481 4
152 521 10
152 677 10
152 686 7
152 711 4
152 745 4
152 973 10
152 1005 6
152 1151 5
152 1321 7
152 1376 3
152 1493 4
152 1518 3
152 1668 6
152 1804 3
152 1889 3
152 1959 4
152 2159 4
152 2195 4
152 2309 3
153 736 3
157 669 9
157 2223 6
159 623 3
159 782 3
159 783 4
159 1061 3
159 1063 11
159 1231 3
159 1706 5
159 1902 5
159 1937 6
159 2189 3
159 2247 3
160 82 3
160 2058 4
161 1385 8
162 426 9
162 502 8
162 725 8
162 1005 6
162 1650 14
162 1780 4
162 1798 12
162 1959 4
163 1063 3
164 9 4
164 813 8
164 1166 4
164 1185 3
164 1479 5
164 1499 3
164 2021 3
165 420 3
167 991 9
167 1053 5
167 1791 7
168 507 7
168 1616 3
168 2082 3
168 2198 8
168 2226 9
171 621 3
171 1799 4
171 1985 3
172 152 3
172 825 3
172 979 4
172 1285 4
173 358 3
173 1291 4
173 1325 4
173 1864 5
174 611 6
174 921 10
174 1344 7
174 1590 8
174 1782 8
175 2129 4
176 2055 3
177 80 12
177 103 3
177 2306 3
178 160 5
178 267 3
178 851 4
178 1361 3
178 1653 9
178 1901 3
178 2104 3
178 2271 3
179 669 3
181 34 10
181 54 13
181 215 3
181 307 4
181 315 7
181 417 7
181 480 7
181 628 4
181 763 5
181 1115 6
181 1328 3
181 1355 29
181 1628 4
181 1780 5
181 1815 4
181 2063 5
182 2307 3
184 716 5
185 441 7
185 1218 4
185 1897 3
187 2131 6
189 94 3
191 2276 3
192 122 7
192 1197 3
192 1273 4
192 1343 5
199 202 8
199 556 10
199 1820 21
200 211 8
200 682 3
200 1091 10
200 1463 5
201 67 8
201 552 5
203 21 9
203 158 3
203 220 3
203 314 4
203 387 4
203 396 4
203 505 3
203 511 5
203 578 5
203 601 5
203 860 7
203 1221 14
203 1453 4
203 1576 8
203 1584 4
203 1873 10
203 1885 7
203 1965 6
205 1821 4
207 179 8
207 772 3
207 1046 5
207 1381 4
207 1684 4
207 1763 7
207 1891 4
208 484 4
208 567 5
208 662 4
208 1165 4
209 920 11
209 1004 15
209 1042 3
209 1336 6
209 1600 5
209 2188 9
211 682 3
211 1091 6
212 299 3
213 1855 3
214 57 3
214 427 3
215 486 4
215 748 3
216 82 3
216 456 3
216 2264 7
219 1205 4
219 1890 6
220 2263 3
221 838 5
221 1238 4
221 1425 15
226 642 4
226 890 15
226 1278 3
229 1557 6
231 661 3
231 1035 4
231 1136 3
232 251 3
232 1330 3
234 935 4
235 450 3
235 569 4
235 949 6
235 1218 6
235 2178 4
236 914 5
237 125 3
237 309 4
237 371 3
237 508 3
237 624 11
237 654 3
237 661 4
237 834 8
237 1035 3
237 1925 4
237 2241 5
237 2296 3
237 2304 3
239 412 4
241 486 3
241 608 3
241 1284 5
242 334 3
242 847 4
242 1201 3
243 66 7
244 1711 4
245 29 3
245 317 4
245 325 3
245 510 3
245 631 6
245 641 4
245 700 3
245 724 4
245 1017 7
245 1059 3
245 1082 3
245 1145 3
245 1230 3
245 1279 5
245 1750 3
245 1762 3
245 1800 3
245 1970 4
245 2103 3
245 2235 5
246 827 5
247 130 11
247 150 6
247 286 6
247 692 5
247 970 3
247 1063 9
247 1139 5
247 1231 3
247 1299 11
247 1328 8
247 1415 3
247 1575 5
247 1905 11
247 2065 9
247 2156 9
247 2172 7
248 317 5
248 341 4
248 350 5
248 1093 4
248 1188 3
248 1835 5
249 121 5
249 150 6
249 247 20
249 286 5
249 1139 3
249 1299 14
249 1328 6
249 1415 4
249 1905 11
249 2035 17
249 2156 5
249 2172 6
250 233 4
250 899 3
250 1190 5
250 1203 4
250 1229 4
250 1357 3
250 1535 7
250 2084 6
253 33 5
253 225 3
253 306 3
253 607 8
253 786 3
253 1102 3
253 1365 7
253 1749 16
253 1906 3
256 547 3
259 97 7
259 125 11
259 196 4
259 212 3
259 231 4
259 237 10
259 309 3
259 499 3
259 508 3
259 531 3
259 624 3
259 661 5
259 834 3
259 1035 5
259 1168 8
259 1337 3
259 1644 5
259 1925 6
259 1927 6
259 2059 3
259 2241 4
259 2268 3
259 2296 4
260 1868 7
261 2286 6
262 2111 6
264 283 3
264 1272 5
264 1969 3
264 2049 4
265 436 3
266 2009 5
267 1755 3
267 1901 6
268 1014 5
268 1834 6
269 648 7
269 2165 3
271 105 7
271 673 5
271 716 10
271 799 3
271 1604 7
271 1743 4
271 1972 10
271 2151 4
272 150 3
272 152 3
272 247 4
272 249 6
272 677 3
272 686 3
272 692 7
272 970 4
272 1299 3
272 1328 4
272 1575 3
272 1905 4
272 2086 4
272 2156 3
273 1160 3
273 1466 3
276 1175 9
276 1302 6
278 1692 4
279 152 4
279 677 3
279 686 3
279 1367 8
280 430 10
280 907 9
280 1625 6
280 1843 5
280 1913 6
280 2083 4
283 902 8
283 950 5
283 1232 5
283 1711 13
283 1969 6
285 787 7
285 1412 4
286 121 4
286 272 3
286 692 3
286 970 3
286 1299 3
286 1328 6
286 2156 4
286 2172 5
287 728 6
287 871 9
287 1341 10
287 1362 8
287 1860 10
290 1945 5
290 1971 4
293 23 7
293 743 4
294 2191 3
295 1583 6
295 1762 5
296 76 6
297 329 14
297 418 8
297 493 5
297 1723 13
301 216 6
301 456 4
301 1288 4
301 2048 3
302 1077 8
303 65 3
303 264 8
303 283 6
303 950 4
303 2185 6
304 918 4
304 1162 4
305 547 4
305 766 9
305 1096 3
305 1180 3
305 1219 4
305 2267 5
306 607 7
307 627 4
307 924 4
307 1059 5
308 1425 5
308 2013 4
309 97 3
310 736 4
311 54 6
311 181 9
311 262 8
311 480 8
311 628 7
311 822 5
311 996 11
311 1081 11
311 1115 7
311 1355 14
311 1454 16
311 1544 9
311 1780 3
311 1874 5
311 2111 16
313 1970 6
315 34 3
315 307 5
315 417 4
315 627 3
315 924 3
315 1059 8
315 1203 5
315 1713 3
317 4 3
317 78 3
317 152 6
317 341 5
317 350 5
317 388 4
317 414 3
317 426 4
317 480 3
317 521 5
317 677 5
317 686 5
317 743 4
317 763 4
317 973 5
317 991 3
317 1081 3
317 1082 4
317 1093 6
317 1188 5
317 1288 3
317 1668 4
317 1715 3
317 1804 4
317 1835 7
317 1889 4
317 1954 3
317 2038 3
317 2082 3
317 2086 3
317 2254 3
318 38 6
318 1883 14
318 1973 12
319 571 14
319 603 3
319 1512 7
319 1987 6
321 280 9
321 430 8
321 907 11
321 1913 7
321 2083 3
323 585 5
323 1246 4
324 157 4
324 203 4
324 1663 4
324 2223 11
325 66 4
325 1747 3
325 1762 6
325 2256 6
326 46 7
326 198 8
326 1221 4
326 2209 4
329 1026 4
330 180 3
330 746 3
330 1280 4
330 1397 3
330 2134 4
334 379 6
334 566 5
334 899 5
334 1011 6
334 1163 4
334 1182 5
334 1190 7
334 1203 4
334 1229 5
334 1291 3
334 1357 6
334 1420 5
334 1475 5
334 1640 6
334 1798 6
334 1864 3
334 1936 5
334 1945 3
334 2069 10
334 2082 4
335 965 7
337 68 4
337 178 5
337 267 4
337 456 5
337 622 14
337 851 3
337 1095 11
337 1123 15
337 1293 5
337 1528 13
337 1551 4
337 1564 22
337 1714 3
337 1733 3
337 1818 4
337 2104 3
337 2264 5
337 2271 10
338 1375 10
339 2175 4
341 152 3
341 521 3
341 973 3
342 1958 7
343 535 9
343 2002 12
344 2004 3
345 762 7
346 232 3
346 555 3
346 1248 5
346 1308 3
346 1330 3
346 1532 4
346 1540 3
346 1696 4
346 1978 3
347 385 9
347 1900 26
348 20 9
348 34 10
348 72 13
348 307 7
348 315 6
348 417 13
350 341 5
350 1093 7
350 1835 4
353 462 7
353 537 9
353 573 3
353 689 6
353 1442 12
353 1444 7
353 1477 3
353 1543 7
353 1555 3
353 1589 7
353 1682 6
353 1786 3
353 1838 8
353 1849 11
353 2306 4
354 55 7
354 60 9
354 83 13
354 100 5
354 190 3
354 453 4
354 517 8
354 631 7
354 713 3
354 856 18
354 943 15
354 947 3
354 1030 4
354 1129 5
354 1336 4
354 1749 3
354 2064 3
354 2226 9
354 2298 3
356 911 8
356 1305 7
356 1916 13
356 1998 3
356 2313 6
358 2265 5
359 354 7
359 1042 9
359 1459 12
359 1600 8
359 2226 4
360 1343 3
360 1623 5
361 160 4
361 216 3
361 277 7
361 301 5
361 456 4
361 554 6
361 579 9
361 1126 6
361 1187 8
361 1288 5
361 1598 9
361 1665 3
361 1866 8
361 1992 5
361 2048 3
361 2070 4
362 495 3
362 934 4
362 946 10
362 1548 3
362 1979 6
362 2093 4
363 2091 3
364 2074 4
365 1768 4
365 1918 5
365 2309 3
367 949 11
367 1220 15
367 1618 9
367 1949 13
368 992 4
369 737 4
369 1549 3
370 61 4
370 786 7
370 1906 3
370 1959 3
370 2244 6
374 975 3
375 310 3
375 1572 8
377 569 7
379 62 19
379 71 4
379 481 3
379 884 6
379 903 3
379 973 4
379 1042 3
379 1058 4
379 1109 3
379 1182 8
379 1201 6
379 1785 3
379 1853 3
379 1896 4
379 2014 3
379 2082 3
380 440 5
380 1885 6
381 1200 14
381 1300 10
383 505 13
383 798 5
383 1052 5
383 1980 8
384 1352 6
385 1223 8
385 1633 4
385 1900 15
388 78 3
388 521 4
388 564 3
388 686 3
388 725 4
388 903 3
388 973 5
388 1109 3
388 1285 3
388 1316 3
388 1321 4
388 1620 3
388 1668 3
388 1804 3
388 1889 4
389 2124 6
390 680 6
390 824 10
390 1366 7
390 1603 3
390 1643 3
390 1666 3
390 1717 9
391 932 4
392 91 9
392 688 4
392 2180 13
393 2193 5
394 2129 5
395 714 3
395 1060 7
395 1563 4
395 1792 5
395 1930 3
395 2293 4
397 2052 3
398 111 5
398 1133 4
398 1716 5
398 2105 4
399 395 4
401 146 4
401 931 13
402 1164 3
404 1175 4
404 1302 3
404 1505 3
404 1731 5
404 2242 4
405 1526 4
405 1730 6
406 840 4
407 147 3
407 543 3
408 938 3
408 1449 7
408 1555 3
408 1786 3
409 804 6
410 164 4
410 767 3
410 1065 3
410 1435 8
410 1479 3
410 2021 3
411 647 3
412 2308 4
413 62 3
413 821 6
413 957 7
413 1190 12
413 1427 4
413 2160 3
414 152 5
414 167 5
414 388 3
414 677 4
414 686 4
414 1053 5
414 1668 3
414 1791 4
414 1804 3
414 1889 3
414 2038 4
414 2063 3
415 249 4
415 311 3
415 735 3
415 796 12
415 819 7
415 1032 24
415 1139 7
415 1308 5
415 1454 3
415 1702 4
417 307 7
417 479 3
417 500 4
417 627 7
417 772 5
417 924 8
417 1493 5
417 1713 6
417 2050 4
417 2137 6
418 493 16
418 1659 10
418 1723 20
418 2192 4
419 1634 4
420 779 4
423 353 9
423 462 10
423 537 10
423 689 6
423 1442 9
423 1444 8
423 1543 9
423 1589 10
423 1682 7
423 1838 7
423 1849 12
424 65 8
424 381 5
424 844 7
424 997 5
424 1200 4
424 1227 4
424 1310 9
424 1926 5
424 2106 8
426 39 6
426 120 9
426 388 3
426 502 7
426 725 6
426 1493 5
426 1668 4
426 1780 5
426 1798 9
426 1959 3
426 2080 3
426 2195 3
426 2291 3
428 120 9
428 1048 7
428 1429 10
428 1465 6
428 1959 8
428 2159 11
428 2195 7
428 2291 8
429 397 6
429 1520 7
429 2052 6
430 907 9
430 2170 7
431 159 11
431 623 4
431 1937 3
433 183 6
434 1413 10
434 2030 8
435 1382 6
437 134 7
437 796 4
439 364 3
440 826 3
440 1710 4
441 736 4
441 2177 3
442 24 3
442 62 4
442 122 4
442 124 8
442 152 3
442 245 4
442 334 6
442 566 8
442 655 7
442 700 4
442 760 4
442 793 4
442 825 4
442 952 3
442 979 4
442 1004 5
442 1042 3
442 1103 3
442 1242 5
442 1252 5
442 1285 4
442 1317 4
442 1339 5
442 1357 5
442 1620 4
442 1640 5
442 1750 4
442 1886 3
442 2071 7
442 2082 4
442 2103 4
442 2118 9
442 2188 4
442 2205 6
442 2235 6
443 1751 3
445 1379 6
446 91 10
446 617 16
446 1690 6
448 112 3
450 279 3
450 800 5
450 949 9
450 1128 7
450 2178 3
451 232 3
451 346 5
451 555 9
451 819 7
451 1308 6
451 1330 9
451 1540 5
451 1696 3
451 1764 3
452 2281 3
456 82 4
456 160 3
456 1288 3
457 982 3
457 1145 5
457 2064 6
458 138 7
458 203 8
458 601 10
458 990 8
458 1104 8
458 1441 7
458 1727 4
458 2107 4
458 2117 6
461 1295 6
462 1444 4
462 1543 6
462 1838 5
464 942 4
466 445 7
466 1379 8
467 350 7
467 502 9
468 403 5
468 764 11
468 1025 7
468 1394 8
468 1405 8
469 789 6
469 796 3
469 1341 8
470 899 3
470 1229 3
471 459 3
471 1383 10
471 2069 6
471 2160 29
472 1395 4
473 602 8
473 1959 10
474 491 12
474 1365 6
474 1432 9
474 1561 6
475 1431 8
477 237 3
477 1106 3
477 2302 3
480 152 3
480 388 3
480 426 3
480 521 3
480 677 3
480 686 3
480 1115 6
480 1544 5
480 1668 3
480 1804 3
480 1889 3
480 1977 3
481 279 4
481 499 13
481 677 3
481 686 3
481 1159 4
481 1756 12
481 2313 5
482 49 6
482 643 9
482 1147 4
482 1372 6
482 1536 9
482 1761 8
482 1888 6
486 1284 9
486 1410 7
487 222 3
488 855 4
488 1673 6
489 9 3
489 79 3
489 661 3
489 795 3
489 1127 5
489 1337 5
489 1466 5
489 1855 3
489 2304 3
491 1426 9
491 1432 17
491 1561 6
491 1694 9
491 1721 7
491 1983 10
493 1117 3
493 1723 3
493 1737 5
494 596 8
495 57 7
495 427 5
495 452 4
495 946 5
495 1548 7
495 1979 5
495 2281 5
496 862 20
496 1550 16
497 232 5
497 346 6
497 451 7
497 555 6
497 819 7
497 936 7
497 1082 11
497 1248 6
497 1308 5
497 1532 4
497 1540 7
497 1696 5
497 1764 7
497 1768 6
497 1978 6
497 1989 9
497 2024 8
497 2173 6
497 2309 5
499 118 24
499 423 3
499 1518 3
499 1838 3
499 2240 14
500 241 5
500 486 5
500 608 6
500 672 5
500 919 5
500 955 7
500 1161 11
500 1284 9
500 2019 3
500 2138 5
500 2251 7
500 2275 6
502 152 5
502 350 7
502 361 3
502 388 3
502 686 3
502 1269 4
502 1358 5
502 1798 8
503 152 4
503 380 8
503 426 3
503 440 6
503 677 3
503 686 3
503 826 4
503 903 10
503 1082 5
503 1109 10
503 1189 11
503 1885 3
503 2309 3
504 1386 4
505 501 3
505 1052 4
505 1221 6
507 861 12
507 1089 3
507 1616 10
507 2082 6
507 2198 18
508 97 4
508 1925 4
510 224 3
510 532 3
510 1040 4
510 1322 3
510 1406 7
510 1762 7
510 1876 6
510 2256 6
510 2300 3
511 2229 4
512 589 4
513 1987 6
513 2032 3
514 623 3
514 1316 13
514 2248 7
516 991 4
516 1053 4
516 1881 3
516 2218 6
517 965 4
517 1042 6
517 1737 7
517 2298 3
518 312 3
518 1738 3
520 285 5
520 785 11
520 797 3
520 1412 4
520 1711 6
520 2049 3
520 2158 6
521 112 3
521 248 3
521 263 3
521 426 4
521 677 8
521 686 7
521 763 4
521 848 4
521 1082 5
521 1114 4
521 1668 6
521 1715 3
521 1835 4
521 1889 7
521 2062 3
521 2063 3
521 2254 3
522 19 14
522 407 5
522 485 6
522 543 6
522 806 3
523 2005 4
525 230 4
526 890 6
527 1063 6
527 1937 3
528 1012 3
529 1617 5
530 1332 6
532 874 4
532 891 3
533 1959 7
534 2084 6
535 927 4
535 948 3
535 1257 4
535 1705 13
535 2002 6
535 2179 4
536 960 4
537 462 8
537 499 5
537 725 3
537 1405 5
537 1442 9
537 1444 6
537 1543 6
537 1589 9
537 1682 4
537 1756 3
537 1838 6
537 1868 3
538 640 3
538 993 3
538 1683 3
539 244 7
539 283 8
539 290 3
539 520 9
539 785 15
539 1463 21
539 1711 9
539 1836 7
539 1969 6
546 48 7
546 106 4
546 335 4
546 1073 4
546 1242 4
547 452 3
547 553 9
547 574 4
547 673 3
547 768 3
547 1033 5
547 1066 3
547 1273 3
547 1408 11
547 1928 3
547 2065 3
547 2090 8
547 2233 11
549 527 4
549 693 6
549 1125 13
549 1324 6
549 1329 8
549 1553 4
549 2141 4
549 2189 5
549 2219 4
549 2247 4
549 2277 5
549 2294 3
550 1206 3
551 393 4
553 640 3
554 160 4
554 277 6
554 301 3
554 456 3
554 579 7
554 1126 8
554 1187 7
554 1866 8
554 1992 4
554 2070 4
556 128 14
557 826 3
557 959 4
557 1758 3
558 347 7
558 385 13
558 1900 13
561 1577 6
563 418 3
563 1723 3
564 677 5
564 686 5
564 825 4
564 1004 6
564 1668 5
564 1889 5
564 2188 3
565 753 4
565 1476 3
565 2050 7
566 124 7
566 144 5
566 762 4
566 1229 3
566 1339 7
566 1640 3
566 2071 8
566 2118 4
567 484 4
568 561 4
568 1492 3
568 1577 5
569 227 3
569 1740 4
570 313 5
570 842 4
570 1680 3
573 390 4
573 519 3
573 589 5
573 680 3
573 1337 3
573 1449 3
573 1466 3
573 1529 3
573 1555 3
573 1643 9
573 1666 8
573 1816 4
573 2136 3
573 2232 7
575 73 5
575 114 9
575 262 4
575 311 6
575 735 8
575 822 4
575 1074 7
575 1454 5
575 1826 6
575 1977 10
575 2111 4
575 2291 4
578 138 9
578 458 6
578 601 7
578 923 10
578 990 15
578 1104 6
578 1441 9
578 1727 5
578 2117 6
579 160 3
579 277 5
579 301 3
579 1054 5
579 1288 3
579 1598 12
579 1866 7
579 1992 4
579 2070 3
580 958 4
580 1567 6
580 1599 5
583 456 3
584 2169 9
585 1246 3
587 111 4
587 1716 3
587 2105 5
588 1608 3
590 609 3
591 1195 4
591 1502 3
595 2120 3
597 2008 3
598 2003 3
599 365 5
600 1777 5
601 138 10
601 1727 6
601 1934 7
604 914 4
606 136 3
606 438 3
606 545 4
606 1022 3
606 1098 5
606 1656 3
606 1744 3
606 1767 3
606 2238 3
607 4 9
607 491 4
607 1392 3
608 486 5
608 672 6
608 1284 9
608 2275 5
610 543 3
611 1782 6
613 1770 3
614 252 5
615 589 4
615 620 3
615 1466 5
615 2007 4
616 604 4
618 203 12
619 770 8
622 68 4
622 160 3
622 178 3
622 456 4
622 784 3
622 851 4
622 1095 4
622 1123 9
622 1311 3
622 1551 4
622 1564 6
622 1661 6
622 1691 4
622 1818 4
622 1875 3
622 2087 5
622 2104 3
622 2264 4
622 2271 6
623 152 5
623 388 3
623 677 3
623 686 4
623 700 3
623 1163 5
623 1190 3
623 1668 3
623 1889 3
623 1937 3
623 2254 6
627 924 9
627 1713 10
628 1115 6
628 1454 5
628 1544 4
628 1874 4
628 2111 4
630 241 6
630 486 7
630 500 10
630 608 7
630 672 6
630 919 7
630 955 10
630 1161 10
630 1284 8
630 2042 4
630 2138 4
630 2251 8
630 2275 7
631 857 12
631 1042 4
631 1129 11
632 677 3
632 776 9
632 794 6
632 1015 4
632 1329 5
632 2072 4
632 2141 3
632 2189 4
632 2247 3
633 643 6
634 1947 6
635 203 3
635 1727 5
635 2107 7
636 1266 4
637 1256 3
637 1758 6
640 547 5
640 758 3
640 917 3
641 66 4
641 843 3
641 1406 8
641 1762 6
641 2256 7
643 49 7
643 1372 11
643 1536 9
643 1888 5
644 1980 12
645 125 12
645 237 5
645 259 15
645 309 4
645 371 3
645 654 5
645 661 4
645 1035 5
645 1136 6
645 1168 6
645 1534 3
645 1925 5
645 1927 7
645 2296 4
646 2210 5
648 1689 12
649 1823 4
650 718 11
650 869 3
650 1051 4
650 1354 4
650 1851 8
651 159 9
652 403 3
652 468 4
652 764 5
652 905 3
652 1025 5
652 1394 8
652 1405 4
652 2199 7
653 418 4
653 1723 3
654 125 4
654 231 6
654 371 3
654 904 13
654 1100 8
654 1337 3
655 334 6
655 566 4
655 769 4
655 793 3
655 899 4
655 1201 4
655 1252 10
655 1269 3
655 1291 3
655 1357 6
655 1602 4
655 1640 5
655 2205 6
656 217 4
656 231 3
656 573 5
656 589 4
656 916 3
656 938 4
656 1120 3
656 1337 10
656 1366 3
656 1466 9
656 1643 3
656 1666 3
656 2007 5
656 2136 3
656 2213 5
656 2232 4
656 2255 3
656 2262 3
657 1209 7
658 334 10
660 1662 4
660 2037 4
664 54 3
664 279 5
664 969 5
664 1367 7
664 1780 3
664 1874 5
664 1907 3
665 1595 5
665 2226 3
666 1027 7
666 1400 4
666 1496 6
666 2054 6
668 1607 11
669 1605 6
670 2290 7
671 194 20
671 317 3
671 763 19
671 848 3
671 1114 11
671 1259 4
671 1909 6
671 2258 18
672 241 3
672 486 3
672 1284 6
672 2251 4
672 2275 4
673 987 4
674 298 3
674 2014 3
675 204 5
675 614 7
676 1625 4
677 120 10
677 388 6
677 426 9
677 440 3
677 1668 7
677 1804 5
677 1889 9
677 1959 8
677 2080 4
677 2159 7
677 2195 7
680 824 8
680 1366 5
680 1603 4
682 785 4
682 1091 6
682 1463 7
682 2194 5
683 107 4
686 39 3
686 120 3
686 426 3
686 440 3
686 677 8
686 1804 4
686 2159 3
686 2195 3
687 1469 6
689 462 4
689 1543 4
689 1838 3
690 2 9
690 930 4
690 1057 5
691 270 5
692 249 6
692 970 3
692 1575 6
692 1905 5
693 1324 4
693 2189 3
693 2247 3
694 1145 3
696 1190 3
696 1825 17
697 152 5
697 184 3
697 269 3
697 271 6
697 293 5
697 316 3
697 388 3
697 521 4
697 663 6
697 677 4
697 686 4
697 781 3
697 973 4
697 1338 4
697 1463 4
697 1623 3
697 1715 3
697 1794 3
697 1955 4
697 2121 5
697 2203 7
698 715 6
700 152 3
700 179 3
700 388 3
700 502 3
700 677 4
700 686 4
700 826 4
700 991 3
700 1317 5
700 1381 3
700 1668 3
700 1712 4
700 1889 3
700 2103 5
700 2172 3
700 2253 6
703 739 3
704 1018 3
704 1412 7
705 743 7
705 1623 7
706 179 4
706 207 7
706 1381 3
706 1684 3
706 1763 4
708 1380 5
708 2287 4
709 1042 4
711 417 4
711 895 4
711 1284 5
711 1376 7
711 1506 3
712 557 4
712 637 3
712 750 6
712 959 5
712 1196 4
712 1256 3
712 1859 8
712 1932 4
712 2145 7
712 2310 4
716 799 4
717 940 15
718 1959 10
719 392 6
720 1282 3
721 1991 5
722 1321 8
723 230 3
724 24 3
724 334 6
724 655 7
724 700 4
724 760 4
724 825 3
724 1004 3
724 1011 4
724 1042 3
724 1082 4
724 1242 6
724 1252 5
724 1285 4
724 1357 6
724 1750 3
724 1798 3
724 1874 3
724 1896 4
724 2082 3
724 2103 4
724 2205 6
725 152 8
725 502 4
725 677 7
725 686 7
725 826 3
725 1005 5
725 1668 6
725 1780 3
725 1798 9
725 1804 6
725 1889 6
725 1959 3
726 1163 17
727 1646 3
729 2270 3
730 855 7
730 880 4
730 1703 6
730 2140 7
731 1144 5
732 390 4
732 573 6
732 589 6
732 680 4
732 824 7
732 916 5
732 1335 5
732 1337 4
732 1366 6
732 1449 4
732 1466 5
732 1555 4
732 1603 4
732 1643 4
732 1666 4
732 1779 7
732 2232 5
733 1493 5
734 1028 4
735 73 13
735 181 10
735 262 7
735 311 16
735 480 3
735 996 5
735 1074 8
735 1081 3
735 1115 5
735 1355 11
735 1454 12
735 1544 6
735 1826 9
735 1874 3
735 1907 14
735 2111 18
736 652 3
736 1398 12
736 1755 6
736 1992 3
737 203 5
741 328 3
742 1056 3
743 360 3
743 726 4
743 1819 4
743 1835 3
743 2143 4
744 127 4
744 908 4
744 1234 4
744 1953 5
744 2222 5
745 307 3
745 315 3
745 417 6
745 711 9
745 895 7
745 1309 3
745 1376 11
745 1506 3
745 1756 4
745 2050 5
746 1280 3
749 428 4
749 1429 3
749 1959 3
749 2159 3
749 2195 4
750 169 3
750 557 7
750 637 3
750 959 3
750 1196 3
750 1256 4
750 1611 3
750 1758 4
750 1859 6
750 1932 5
750 2145 8
750 2310 4
751 1759 21
752 962 5
754 772 3
755 249 3
755 1231 11
755 1706 6
755 1937 4
755 2291 12
756 869 12
756 984 7
757 2126 7
758 547 7
758 681 4
758 1379 4
758 1724 5
759 30 5
759 1096 4
759 1219 5
759 2046 3
759 2267 7
760 793 3
760 825 4
760 1004 5
760 1011 4
760 1201 4
760 1252 3
760 1381 3
760 1712 3
760 1763 3
760 2205 4
760 2314 3
761 95 5
761 1674 3
762 830 3
762 920 3
762 1190 5
762 2030 5
763 194 14
763 514 3
763 848 3
763 1114 6
763 1259 8
763 1835 3
763 1909 5
763 2064 3
764 403 5
764 499 3
764 1025 4
764 1394 10
766 1683 3
769 144 3
769 334 4
769 899 14
771 1883 3
771 2216 4
772 179 8
772 832 6
774 1055 3
775 237 6
775 259 4
775 327 7
775 531 4
775 834 4
775 895 7
775 1168 7
775 1315 3
775 1681 6
775 1772 4
775 2241 7
775 2296 3
776 386 3
776 963 5
776 1015 8
776 1329 8
776 2072 8
776 2189 5
776 2247 4
778 2284 9
779 348 23
779 1524 4
780 1884 3
781 736 7
782 1231 4
782 1937 3
783 2247 3
784 337 7
784 1123 4
784 1661 4
785 797 3
785 2158 3
786 524 6
787 1412 3
788 138 3
788 612 11
788 1104 3
788 2117 12
789 1341 9
790 592 4
790 879 9
790 1033 11
790 2266 3
792 851 5
794 140 3
794 885 5
794 1179 5
794 1866 3
795 1867 3
796 73 6
796 114 14
796 181 4
796 262 8
796 311 18
796 480 10
796 575 8
796 735 14
796 789 15
796 822 7
796 996 3
796 1074 10
796 1081 5
796 1376 7
796 1384 12
796 1454 14
796 1544 3
796 1826 7
796 1977 41
796 2111 22
796 2291 10
796 2297 7
797 141 4
798 501 9
800 2177 6
801 2079 5
805 915 5
806 543 5
807 8 5
808 1480 3
809 343 4
809 1865 3
810 334 3
810 534 20
810 2183 4
810 2273 7
811 488 5
811 855 4
811 1673 5
811 1703 5
812 716 4
813 410 8
813 1185 5
813 1435 6
813 1479 5
813 2021 5
813 2122 3
813 2250 8
815 1853 3
815 1974 6
817 434 5
817 448 4
817 820 10
817 971 5
817 1895 3
817 2113 6
817 2206 5
818 1789 6
819 346 5
819 555 4
819 936 5
819 1248 5
819 1308 6
819 1540 4
819 1696 4
819 1764 3
819 1989 7
819 2145 3
819 2173 5
820 434 3
820 448 5
820 971 4
820 2113 4
820 2206 4
820 2309 3
821 1427 4
822 735 11
822 2111 5
823 210 3
824 94 3
824 512 4
824 519 4
824 573 6
824 589 5
824 656 6
824 916 4
824 938 3
824 1120 3
824 1127 3
824 1333 4
824 1335 5
824 1337 4
824 1366 8
824 1435 5
824 1449 4
824 1466 4
824 1479 3
824 1529 4
824 1555 4
824 1603 7
824 1643 4
824 1666 4
824 1779 7
824 1786 4
824 2007 6
824 2056 7
824 2136 4
824 2213 3
824 2232 3
824 2255 6
825 179 4
825 793 4
825 1004 10
825 1381 4
825 1763 3
825 1891 4
825 2314 4
826 449 5
826 476 3
826 875 3
826 1019 3
826 1082 7
826 1269 3
826 1289 3
826 2020 3
828 1303 13
828 2088 4
830 193 10
830 354 7
830 359 3
830 2226 8
831 216 3
831 277 3
831 301 3
831 361 5
831 456 3
831 554 7
831 579 6
831 1126 5
831 1187 6
831 1361 5
831 1598 13
831 1866 9
831 1992 4
833 268 3
834 508 3
834 1168 4
834 1644 3
835 2000 6
836 91 25
836 446 8
836 617 5
836 1690 6
836 1871 4
837 480 3
837 796 26
837 1021 3
838 1238 6
838 1425 13
839 188 8
839 854 9
839 1471 8
841 1191 4
843 6 9
844 65 3
844 1310 4
844 1670 3
845 1723 3
848 248 7
848 279 3
848 317 9
848 341 4
848 350 9
848 426 4
848 467 9
848 502 11
848 677 4
848 686 4
848 903 3
848 955 3
848 1007 7
848 1093 8
848 1188 10
848 1338 3
848 1668 3
848 1804 3
848 1835 8
848 1889 3
848 2082 3
849 34 4
849 315 4
849 417 4
852 1743 4
853 1294 10
853 2307 3
854 188 4
854 1471 5
855 179 3
855 218 4
855 245 3
855 442 5
855 505 3
855 564 4
855 655 3
855 700 4
855 724 3
855 760 4
855 793 3
855 825 5
855 861 3
855 979 4
855 1004 7
855 1042 3
855 1194 3
855 1242 4
855 1258 3
855 1285 5
855 1317 4
855 1616 5
855 1620 3
855 1750 5
855 1762 3
855 1763 3
855 1887 3
855 1970 5
855 2082 3
855 2103 4
855 2140 4
855 2188 4
855 2253 4
856 60 9
856 2226 4
858 123 4
859 465 4
860 375 5
861 1129 10
861 1616 6
861 1703 5
862 1550 20
863 2257 3
864 60 8
864 1144 7
864 1181 9
864 1240 4
866 127 4
866 252 3
866 354 3
866 510 4
866 1085 5
866 1145 6
866 1375 4
866 1762 8
866 2256 4
866 2300 5
868 489 6
868 1337 3
868 1350 5
868 1855 3
870 1879 3
871 1341 5
871 1362 4
871 1860 5
872 1190 4
872 1258 8
874 1959 6
875 744 4
875 1364 4
875 2020 10
878 178 4
878 337 9
878 456 4
878 622 6
878 784 3
878 1123 6
878 1311 4
878 1361 6
878 1373 3
878 1486 4
878 1564 4
878 1661 5
878 1691 5
878 2087 3
878 2213 3
878 2264 5
878 2271 4
880 2140 6
881 14 8
881 1230 4
881 1310 3
881 1604 4
881 2231 3
882 867 7
883 627 6
883 1137 6
883 1880 11
883 2051 12
883 2298 9
884 62 4
884 298 3
884 913 3
884 1182 3
884 1190 5
884 1456 3
884 1864 3
885 152 3
885 260 14
885 310 12
885 537 5
885 1914 8
886 1089 4
887 557 3
887 1758 5
888 319 4
888 571 7
888 1512 5
888 2032 15
890 46 11
890 198 12
890 326 44
890 638 4
890 1051 5
890 1191 3
890 1221 11
890 1286 12
890 1806 3
890 2209 12
892 2102 10
893 661 3
893 1337 5
893 1466 3
894 1474 9
894 1752 5
895 152 6
895 465 9
895 859 3
895 1025 4
895 1148 5
895 1314 9
895 1376 12
896 1959 3
897 1477 11
897 2306 11
898 2114 4
899 144 3
900 1087 5
900 1741 4
900 1746 5
902 987 4
902 1232 5
902 1741 6
902 1746 3
902 2144 4
902 2279 17
903 152 7
903 380 8
903 426 3
903 557 4
903 677 6
903 686 6
903 826 4
903 1082 4
903 1109 10
903 1114 3
903 1189 7
903 1885 3
903 1889 5
903 1909 3
904 9 3
904 125 3
904 154 3
904 212 3
904 231 6
904 259 4
904 645 3
904 661 4
904 1035 4
904 1337 4
904 1559 3
904 1592 3
904 1925 5
904 1927 5
904 2296 3
905 108 6
905 1840 5
906 1681 8
906 2215 3
907 2170 4
908 875 13
908 1234 15
908 1364 3
908 2020 9
909 791 3
909 922 5
910 253 4
910 2256 3
911 967 10
911 1305 6
911 1916 11
915 866 4
916 1055 3
917 547 9
919 241 5
919 486 5
919 608 7
919 672 6
919 1161 11
919 1284 9
919 2251 9
919 2275 6
921 611 5
921 1782 5
923 138 11
923 203 12
923 458 8
923 601 13
923 635 9
923 1667 8
923 1727 9
923 1885 7
923 1934 12
923 2107 11
927 343 3
927 1257 8
927 1705 5
929 322 6
929 780 5
929 1884 7
930 790 7
930 1009 4
930 1584 4
930 1594 23
931 146 5
931 1071 6
933 62 4
933 379 4
933 1182 3
933 1190 5
933 1229 4
933 1252 3
933 1269 3
933 1420 3
933 1475 3
933 1916 9
933 1970 3
933 2205 3
934 452 4
936 232 4
936 251 3
936 346 10
936 451 5
936 555 4
936 1248 7
936 1308 4
936 1434 6
936 1532 4
936 1540 5
936 1696 5
936 1764 9
936 1859 3
936 1978 3
936 2173 5
937 264 6
937 303 3
937 1660 5
938 9 3
938 94 3
938 231 3
938 589 4
938 916 3
938 1335 6
938 1337 3
938 1449 3
938 1555 3
938 1560 3
938 1786 3
938 2027 3
938 2136 6
938 2232 3
938 2262 3
939 1124 5
940 694 4
940 1352 11
942 492 5
942 1214 8
942 1852 7
943 55 5
943 830 3
943 856 7
943 1042 6
943 1591 7
943 2226 5
944 14 5
944 381 7
944 997 7
944 1070 8
944 1200 3
944 1300 4
946 57 7
946 452 4
946 934 3
946 2281 4
948 343 3
950 1711 4
951 52 4
951 141 6
951 797 6
951 1952 9
951 2289 7
952 1336 5
954 2100 8
955 241 8
955 486 6
955 608 12
955 672 6
955 919 7
955 1284 10
955 2042 6
955 2138 3
955 2155 4
955 2275 6
957 12 16
957 821 7
957 1298 17
957 1617 6
958 547 4
958 758 4
958 1235 3
958 1677 4
959 169 4
959 637 4
959 1932 4
960 696 4
960 1825 8
960 2211 3
960 2212 11
961 2159 3
961 2195 5
964 666 6
964 1336 5
964 1565 3
965 546 4
965 1073 5
966 453 5
966 1124 4
967 356 12
969 152 3
969 279 8
969 677 3
969 686 3
969 1367 6
970 121 11
970 2035 3
970 2065 6
971 434 5
971 1413 5
971 2113 4
971 2206 5
973 112 3
973 248 3
973 263 3
973 426 4
973 521 5
973 623 3
973 671 3
973 677 8
973 686 7
973 763 5
973 826 5
973 848 4
973 1082 6
973 1114 3
973 1145 3
973 1668 6
973 1715 3
973 1889 7
973 1909 3
973 2062 4
973 2063 3
973 2064 3
973 2082 3
973 2254 3
973 2258 3
973 2309 3
976 594 3
976 1032 13
978 44 3
978 82 5
978 178 5
978 216 3
978 267 3
978 456 5
978 621 3
978 1554 3
978 1807 3
978 1985 5
978 2104 4
979 152 4
979 388 3
979 426 3
979 677 3
979 700 6
979 825 3
979 1289 3
979 1381 3
979 1562 3
979 1668 3
979 1889 3
979 2103 7
979 2253 8
980 445 3
980 584 5
982 55 3
982 60 3
982 354 10
982 856 4
982 2226 3
984 869 6
985 1134 6
985 1323 5
986 186 3
986 1963 3
987 1087 6
987 1741 8
987 1746 7
987 2144 4
988 914 6
990 138 7
990 203 5
990 601 9
990 923 10
990 1441 8
990 1667 6
990 1727 5
990 1934 6
990 2117 6
991 152 4
991 414 7
991 677 3
991 686 3
991 1053 9
991 1756 3
991 1791 9
991 2038 8
992 71 3
992 361 3
992 1598 3
992 1612 6
992 1866 3
992 1936 3
992 2157 3
994 400 3
995 1883 4
996 181 7
996 480 4
996 628 4
996 1115 4
996 1355 27
996 1544 7
997 14 4
997 381 10
997 1070 13
997 1300 13
997 1310 4
998 322 6
999 357 3
1000 460 9
1000 707 11
1000 1182 4
1003 231 3
1004 24 3
1004 27 4
1004 142 5
1004 152 4
1004 179 7
1004 426 3
1004 677 5
1004 686 5
1004 700 4
1004 979 4
1004 1285 6
1004 1289 3
1004 1317 5
1004 1381 5
1004 1616 3
1004 1668 5
1004 1712 5
1004 1720 4
1004 1750 4
1004 1763 5
1004 1798 3
1004 1891 5
1004 2103 4
1004 2253 4
1004 2314 5
1005 120 5
1005 426 5
1005 502 3
1005 677 5
1005 686 5
1005 1151 6
1005 1668 4
1005 1715 4
1005 1798 8
1005 1804 4
1005 1889 4
1007 248 3
1007 317 4
1007 350 4
1007 1093 3
1007 1188 4
1007 1947 3
1007 2063 5
1008 1108 5
1008 1119 3
1008 2108 4
1010 1361 3
1011 62 9
1011 93 8
1011 122 5
1011 173 7
1011 192 4
1011 379 10
1011 442 6
1011 566 7
1011 655 7
1011 769 4
1011 885 4
1011 899 6
1011 933 6
1011 1058 6
1011 1059 4
1011 1110 6
1011 1182 6
1011 1190 11
1011 1201 8
1011 1229 7
1011 1269 4
1011 1292 7
1011 1357 10
1011 1420 6
1011 1475 6
1011 1602 7
1011 1640 8
1011 1798 3
1011 1916 3
1011 1953 3
1011 1966 6
1011 1970 7
1011 2069 5
1011 2082 3
1011 2157 5
1011 2205 10
1013 2021 4
1015 1107 3
1015 2072 6
1016 1817 3
1016 2061 5
1017 958 6
1017 1086 25
1017 1235 4
1018 914 7
1019 476 10
1023 687 4
1023 1235 9
1024 378 6
1025 736 3
1025 1159 3
1025 1394 5
1025 1464 5
1025 1729 3
1025 2177 3
1025 2199 10
1025 2313 8
1027 5 5
1027 964 4
1027 1336 7
1027 1533 3
1027 1565 7
1030 51 4
1030 106 4
1030 529 20
1030 1617 3
1031 286 3
1031 890 4
1031 1328 4
1031 1676 3
1033 1066 3
1035 97 3
1035 125 4
1035 212 4
1035 506 4
1035 1644 3
1035 2059 3
1036 908 5
1037 1008 5
1038 866 4
1039 54 10
1039 181 7
1039 311 7
1039 480 3
1039 628 4
1039 735 4
1039 763 3
1039 783 3
1039 996 5
1039 1081 3
1039 1082 3
1039 1115 4
1039 1355 8
1039 1454 5
1039 1544 5
1039 1826 3
1039 1874 6
1039 1907 6
1039 2111 5
1040 105 4
1040 183 3
1040 243 3
1040 317 3
1040 341 3
1040 360 3
1040 433 3
1040 700 3
1040 848 3
1040 866 3
1040 979 3
1040 1145 3
1040 1188 3
1040 1317 3
1040 1482 3
1040 1584 3
1040 1606 3
1040 1715 3
1040 1835 3
1040 1945 3
1040 1959 3
1040 2103 3
1040 2253 3
1041 365 3
1041 543 3
1041 806 8
1041 1608 3
1042 190 5
1042 354 15
1042 895 3
1042 1129 3
1042 1145 3
1042 1182 3
1042 1336 5
1042 1460 3
1042 2082 3
1042 2226 10
1043 836 4
1043 892 4
1043 1871 5
1044 1790 5
1045 238 6
1045 454 4
1047 372 6
1048 1223 3
1048 1277 5
1048 1429 3
1048 1910 5
1048 2159 3
1048 2195 3
1054 216 5
1054 301 10
1054 456 5
1057 930 4
1058 1182 4
1058 1745 7
1058 2160 9
1059 20 4
1059 34 10
1059 75 3
1059 152 4
1059 417 9
1059 426 3
1059 957 4
1059 992 4
1059 1612 6
1059 1617 19
1059 1622 4
1059 1798 3
1059 1889 3
1059 2028 3
1059 2071 3
1059 2157 7
1061 34 3
1061 1414 5
1063 249 5
1063 375 4
1063 431 5
1063 514 3
1063 623 7
1063 755 12
1063 782 5
1063 783 9
1063 788 6
1063 1107 4
1063 1231 9
1063 1259 3
1063 1299 3
1063 1586 7
1063 1706 15
1063 1709 11
1063 1902 3
1063 1937 11
1063 2117 4
1063 2247 18
1063 2291 7
1066 498 4
1066 790 11
1066 2197 7
1067 492 3
1068 319 14
1068 571 21
1068 888 8
1068 1480 4
1068 1512 23
1068 1648 16
1068 1987 11
1069 1631 5
1069 1924 4
1070 14 4
1070 381 12
1070 424 5
1070 1200 9
1070 1300 9
1070 1926 14
1070 2231 3
1072 279 3
1072 356 4
1072 367 9
1072 694 3
1072 949 5
1072 967 4
1072 1132 13
1072 1220 13
1072 1756 9
1072 1897 8
1072 1916 4
1074 311 8
1074 1454 11
1074 2111 9
1076 215 5
1076 486 4
1076 748 3
1076 1410 6
1076 1436 3
1076 1501 9
1076 2045 8
1077 1491 3
1078 244 4
1078 293 6
1078 404 4
1078 663 4
1078 743 5
1078 1731 3
1078 1819 3
1078 1972 5
1078 2203 4
1078 2242 3
1080 1389 12
1081 152 5
1081 181 8
1081 279 3
1081 388 4
1081 426 5
1081 480 7
1081 521 3
1081 677 4
1081 686 4
1081 973 3
1081 996 6
1081 1115 7
1081 1544 7
1081 1668 4
1081 1889 4
1082 232 6
1082 251 4
1082 346 8
1082 451 7
1082 555 5
1082 557 5
1082 750 3
1082 819 7
1082 848 3
1082 936 6
1082 1248 11
1082 1308 5
1082 1330 5
1082 1540 5
1082 1696 7
1082 1764 7
1082 1835 3
1082 1859 8
1082 1932 4
1082 1978 5
1082 1989 10
1082 2024 11
1082 2086 3
1082 2173 12
1082 2192 3
1086 1 15
1086 16 8
1086 22 12
1086 42 4
1086 245 15
1086 292 3
1086 864 13
1086 881 6
1086 941 4
1086 1200 6
1086 1230 15
1086 1263 6
1086 1279 6
1086 1704 4
1086 1852 7
1086 2082 3
1087 1741 10
1088 846 7
1088 1206 3
1089 168 16
1089 1748 4
1090 411 3
1091 785 3
1091 2194 6
1093 152 3
1093 341 4
1093 1188 5
1093 1835 3
1095 178 3
1095 2271 11
1096 1219 9
1096 2046 3
1097 223 14
1098 136 3
1098 545 3
1098 876 3
1098 1022 3
1098 1245 3
1098 1656 3
1098 1744 3
1098 1923 3
1098 1950 4
1098 2238 3
1102 261 10
1102 786 5
1104 138 8
1104 203 5
1104 601 9
1104 923 11
1104 990 8
1104 1727 5
1105 416 7
1105 1287 7
1106 125 4
1106 154 3
1106 196 3
1106 237 4
1106 259 6
1106 506 4
1106 508 5
1106 645 3
1106 654 4
1106 661 3
1106 834 4
1106 904 3
1106 1035 3
1106 1100 3
1106 1136 3
1106 1168 3
1106 1253 4
1106 1388 12
1106 1681 3
1106 1872 3
1106 1925 5
1106 1927 5
1106 2059 4
1106 2241 3
1106 2268 3
1106 2296 3
1106 2304 3
1107 2072 3
1108 1369 19
1108 2108 14
1109 152 5
1109 380 11
1109 426 3
1109 440 12
1109 677 5
1109 686 5
1109 1668 5
1109 1710 5
1109 1885 7
1109 1889 5
1111 2256 3
1112 1701 4
1113 1829 4
1114 194 7
1114 317 3
1114 1835 3
1114 1909 6
1117 418 9
1117 856 8
1117 1723 19
1117 2085 5
1118 9 4
1118 125 4
1118 154 3
1118 237 3
1118 259 4
1118 645 3
1118 654 3
1118 661 4
1118 904 5
1118 916 3
1118 1035 5
1118 1136 3
1118 1168 3
1118 1466 3
1118 1555 4
1118 1559 3
1118 1579 3
1118 1925 5
1118 2268 3
1118 2296 3
1118 2304 4
1122 159 3
1122 1064 12
1123 178 3
1123 223 6
1123 456 4
1123 851 4
1123 1095 8
1123 1293 5
1123 1311 4
1123 1528 8
1123 1551 3
1123 1564 7
1123 1691 7
1123 2271 7
1125 693 3
1125 1324 5
1125 1329 3
1125 1827 3
1126 277 5
1126 456 3
1126 579 7
1126 1054 3
1126 1187 7
1126 1511 7
1126 1598 10
1126 1866 7
1126 1992 3
1126 2264 3
1127 94 4
1127 231 3
1127 390 3
1127 519 4
1127 573 3
1127 589 6
1127 620 4
1127 732 4
1127 916 4
1127 938 5
1127 983 5
1127 1013 3
1127 1055 4
1127 1121 3
1127 1333 3
1127 1337 5
1127 1366 3
1127 1449 4
1127 1466 4
1127 1529 4
1127 1555 4
1127 1643 3
1127 1666 3
1127 1786 4
1127 2007 4
1127 2027 4
1127 2056 5
1127 2136 4
1127 2232 3
1127 2262 3
1128 800 4
1128 2178 11
1129 168 6
1129 425 3
1129 1138 4
1129 1616 6
1129 1946 4
1129 2226 3
1131 202 7
1132 1220 3
1135 63 4
1135 98 5
1135 133 4
1135 156 4
1135 581 4
1135 593 4
1135 684 4
1135 729 5
1135 747 4
1135 877 4
1135 972 3
1135 1241 4
1135 1349 5
1135 1416 4
1135 1530 4
1135 1542 7
1135 1693 3
1135 1722 4
1135 1784 5
1135 1797 5
1135 1811 5
1135 2270 5
1136 97 5
1136 125 3
1136 196 3
1136 212 6
1136 237 5
1136 371 4
1136 654 4
1136 661 3
1136 904 3
1136 1035 3
1136 1155 3
1136 1168 7
1136 1337 4
1136 1437 3
1136 1534 4
1136 1579 4
1136 1601 4
1136 1925 5
1136 2059 5
1136 2268 3
1136 2304 3
1138 862 11
1138 1550 8
1139 121 3
1139 1031 12
1139 1063 4
1139 1415 4
1139 2156 4
1139 2172 4
1140 2278 4
1141 290 6
1141 1971 4
1142 1732 9
1143 639 5
1143 1124 4
1144 176 5
1144 1017 6
1144 1261 19
1145 354 3
1145 521 4
1145 830 3
1145 856 3
1145 982 5
1145 1214 7
1145 1328 3
1145 2064 17
1146 989 3
1147 49 4
1147 1372 4
1149 641 3
1151 120 8
1151 162 7
1151 426 11
1151 502 5
1151 677 9
1151 725 7
1151 1650 9
1151 1798 11
1151 1882 9
1151 1889 4
1151 2080 3
1151 2159 4
1151 2195 5
1152 1225 6
1153 1716 3
1154 547 4
1155 309 4
1155 661 3
1156 869 3
1156 2026 3
1157 766 12
1158 418 4
1158 1723 5
1159 118 5
1160 489 7
1160 868 9
1161 241 6
1161 486 8
1161 608 10
1161 672 7
1161 955 10
1161 1284 13
1161 2138 4
1161 2155 4
1161 2251 8
1161 2275 8
1162 61 6
1163 152 3
1167 35 4
1168 97 5
1168 125 3
1168 196 6
1168 212 4
1168 237 7
1168 531 5
1168 654 6
1168 661 4
1168 1062 3
1168 1100 8
1168 1681 6
1168 1772 4
1168 1925 6
1168 2241 5
1169 1285 4
1170 612 6
1170 788 9
1170 2117 5
1171 1503 4
1173 1652 3
1174 237 3
1174 327 5
1174 531 3
1174 2241 10
1176 1959 5
1178 1869 3
1179 1458 4
1180 121 3
1180 1076 4
1180 1299 3
1180 1355 4
1180 1501 4
1180 1826 3
1180 2111 3
1182 62 22
1183 329 3
1183 669 3
1183 1753 3
1186 406 3
1186 816 3
1186 1271 5
1187 82 4
1187 160 3
1187 579 10
1187 1054 3
1187 1288 3
1187 1511 11
1187 1547 3
1187 1807 3
1187 1866 8
1187 1992 4
1187 2070 3
1188 341 3
1188 908 3
1189 380 12
1189 440 10
1189 1109 15
1189 1710 5
1189 1881 3
1189 1885 10
1190 122 4
1190 481 4
1190 591 3
1190 821 6
1190 887 3
1190 903 3
1190 960 3
1190 1059 4
1190 1082 4
1190 1129 3
1190 1201 8
1190 1357 3
1190 1427 3
1190 1521 3
1190 2030 4
1190 2086 5
1191 195 5
1191 515 4
1191 717 12
1191 940 16
1191 1354 14
1191 1393 8
1191 1655 6
1191 2016 9
1191 2256 3
1192 82 5
1192 135 4
1192 160 4
1192 171 3
1192 621 4
1192 978 3
1192 1440 4
1192 1554 4
1192 1755 6
1192 1799 6
1192 1985 4
1193 634 9
1193 895 4
1194 825 3
1194 1004 4
1194 1264 4
1194 1285 3
1195 313 4
1195 455 4
1195 1357 10
1195 1490 5
1195 2259 15
1196 637 3
1196 959 3
1198 82 4
1198 135 6
1198 160 5
1198 171 5
1198 621 5
1198 736 5
1198 1192 5
1198 1440 7
1198 1554 6
1198 1755 5
1198 1799 7
1198 1901 3
1198 1985 7
1198 2104 4
1199 344 4
1200 844 3
1200 997 9
1200 1300 4
1200 1310 5
1200 1604 5
1200 1926 5
1200 2231 6
1201 124 5
1201 144 5
1201 173 4
1201 334 4
1201 566 8
1201 769 4
1201 899 3
1201 1059 4
1201 1110 5
1201 1182 4
1201 1269 4
1201 1339 5
1201 1358 4
1201 1420 5
1201 1475 5
1201 1617 5
1201 1640 4
1201 1785 3
1201 2071 8
1202 1754 3
1204 858 4
1204 1802 4
1205 1811 3
1206 1327 3
1206 1409 3
1206 2031 3
1207 288 17
1209 393 4
1209 532 7
1209 718 8
1209 1084 3
1209 1584 5
1209 1959 4
1210 210 3
1211 892 11
1211 2102 8
1212 5 3
1212 359 4
1212 666 6
1212 952 4
1212 964 7
1212 1027 6
1212 1336 10
1212 1400 3
1212 1496 6
1212 1533 4
1212 1565 5
1213 152 4
1213 677 3
1214 1913 3
1214 2300 4
1215 1049 3
1215 2073 4
1216 131 4
1218 858 10
1218 1079 13
1218 1159 6
1218 1404 6
1218 1756 11
1218 1802 10
1218 2154 9
1218 2307 5
1220 949 13
1221 383 3
1222 179 3
1222 757 10
1222 1580 11
1222 2126 8
1223 1301 5
1223 1633 7
1224 418 5
1225 2010 5
1226 33 4
1226 910 4
1227 61 3
1227 381 4
1227 997 4
1227 1070 5
1227 1604 15
1228 1569 7
1229 413 5
1229 884 3
1229 1110 6
1229 1190 26
1229 1201 5
1229 1268 9
1229 1321 5
1229 1357 3
1229 1420 19
1229 2205 20
1229 2273 3
1230 60 8
1230 864 21
1230 1017 10
1230 1240 6
1230 1263 4
1230 1525 3
1230 1926 7
1230 1959 3
1231 623 3
1231 783 4
1231 1937 5
1231 2247 3
1232 1711 4
1232 2279 16
1233 246 3
1234 875 9
1234 2020 8
1235 687 9
1235 1101 4
1236 2201 7
1237 2099 8
1238 1425 11
1239 1522 3
1242 24 3
1242 334 6
1242 566 5
1242 655 8
1242 769 4
1242 899 4
1242 1011 4
1242 1190 4
1242 1201 5
1242 1291 3
1242 1357 8
1242 1640 5
1242 1798 3
1243 119 4
1248 232 4
1248 251 4
1248 451 5
1248 555 4
1248 1540 4
1248 1696 3
1248 1764 8
1248 1978 3
1248 2173 6
1249 1721 18
1250 159 7
1250 651 15
1252 24 4
1252 144 7
1252 152 4
1252 334 6
1252 379 5
1252 426 3
1252 566 6
1252 884 7
1252 899 6
1252 1011 5
1252 1182 4
1252 1190 4
1252 1201 5
1252 1229 4
1252 1242 12
1252 1357 10
1252 1602 5
1252 1617 6
1252 1640 5
1252 1889 3
1252 2205 8
1254 1488 3
1254 1962 4
1255 1230 3
1257 343 5
1257 809 5
1257 948 5
1257 1705 5
1257 1865 5
1257 2002 5
1258 1658 4
1259 194 7
1260 2001 5
1261 176 4
1261 2055 10
1262 353 5
1262 423 7
1262 462 6
1262 537 10
1262 1589 5
1262 1838 3
1262 1849 6
1264 172 6
1264 1960 5
1265 11 4
1265 1463 3
1267 1312 4
1268 1011 6
1268 1190 12
1269 481 4
1269 1190 4
1269 1458 3
1269 1598 3
1269 1866 3
1270 320 3
1271 816 4
1271 1892 4
1275 1016 3
1275 1817 3
1275 2061 6
1276 662 4
1276 1573 6
1277 428 3
1277 749 3
1277 1429 4
1277 2159 3
1277 2195 3
1279 90 5
1279 325 5
1279 488 5
1279 626 8
1279 730 6
1279 866 5
1279 1422 6
1279 1472 3
1279 1576 7
1279 1673 6
1279 1762 5
1279 1917 5
1279 2288 5
1280 1397 3
1280 2134 3
1283 422 11
1284 634 3
1285 152 3
1285 179 3
1285 677 5
1285 686 5
1285 825 4
1285 1381 3
1285 1668 5
1285 1763 3
1285 1889 5
1285 2188 3
1285 2235 3
1286 46 7
1286 326 8
1287 416 6
1288 152 3
1288 216 3
1288 1054 3
1289 700 3
1290 200 5
1290 211 4
1290 682 7
1290 785 5
1290 1091 5
1290 1711 3
1290 2194 6
1291 1420 3
1291 1475 3
1292 144 4
1292 413 9
1293 1095 3
1293 2271 5
1296 1063 16
1296 1371 4
1297 796 16
1298 1195 3
1299 1905 5
1299 2156 5
1300 1926 7
1301 152 5
1301 254 3
1301 417 3
1301 608 3
1301 630 3
1301 837 5
1301 919 3
1301 955 4
1301 1021 3
1301 1161 3
1301 1633 5
1301 2217 7
1301 2251 3
1302 11 4
1302 1175 22
1302 1463 3
1305 933 5
1305 967 10
1305 2148 3
1306 1588 5
1307 1211 7
1307 2102 4
1308 555 3
1309 152 4
1309 417 4
1309 514 8
1309 819 4
1309 875 8
1309 908 7
1309 1061 8
1309 1234 6
1309 1414 3
1309 1524 5
1309 1815 4
1309 2020 6
1309 2248 23
1310 1070 4
1310 1670 9
1310 2106 17
1310 2231 6
1311 337 4
1311 1010 8
1311 1359 3
1311 1361 4
1311 2271 3
1312 576 3
1312 1251 3
1312 1304 3
1312 1399 3
1312 1919 3
1312 1938 3
1312 1948 3
1314 631 3
1314 1718 3
1314 1734 3
1314 1774 5
1314 2282 6
1315 906 11
1315 1644 3
1315 1681 5
1315 2215 7
1316 152 6
1316 677 5
1316 686 5
1316 908 3
1316 1309 6
1316 1668 5
1316 1889 5
1316 2062 3
1316 2248 7
1317 152 4
1317 179 3
1317 388 3
1317 426 3
1317 502 3
1317 677 4
1317 686 4
1317 825 4
1317 838 4
1317 979 4
1317 991 3
1317 1289 3
1317 1381 3
1317 1620 3
1317 1668 3
1317 1712 3
1317 1763 3
1317 1889 3
1317 2103 3
1317 2188 3
1317 2253 5
1320 250 3
1320 334 9
1320 658 8
1320 1011 6
1320 1190 3
1321 34 3
1321 250 15
1321 449 4
1321 677 6
1321 686 5
1321 826 6
1321 973 4
1321 1082 4
1321 1190 6
1321 1668 6
1321 1804 6
1321 1896 4
1321 2062 3
1321 2063 3
1321 2069 5
1321 2205 7
1321 2309 3
1324 2219 4
1325 334 3
1325 826 3
1325 2098 4
1325 2205 5
1326 1145 3
1326 2064 5
1328 121 3
1328 890 4
1328 1299 3
1329 527 3
1329 693 7
1329 1015 8
1329 1107 5
1329 1324 6
1329 1553 5
1329 2072 5
1329 2141 11
1329 2189 7
1329 2219 4
1329 2247 5
1329 2277 4
1330 497 3
1330 555 3
1330 819 4
1330 1764 3
1335 573 9
1335 589 3
1335 1366 3
1335 1597 3
1335 1643 10
1335 1666 9
1335 1816 5
1335 2232 8
1335 2255 8
1336 5 3
1336 1496 10
1336 1565 5
1337 774 3
1339 117 8
1339 124 11
1339 2118 9
1340 1433 3
1341 612 3
1341 1362 3
1342 320 4
1342 1270 5
1344 611 3
1344 896 4
1344 2272 14
1345 577 4
1346 1051 4
1347 1657 4
1347 2220 5
1349 133 3
1349 593 3
1349 747 3
1349 972 3
1349 1416 3
1349 2270 4
1350 79 3
1350 489 6
1350 1160 3
1351 137 3
1352 1460 6
1353 1360 6
1354 717 16
1355 54 12
1355 480 11
1355 628 8
1355 1081 13
1355 1115 12
1355 1454 11
1355 1544 14
1355 1780 9
1355 1826 8
1355 1874 9
1356 1956 8
1357 144 3
1357 566 5
1357 762 4
1358 152 3
1358 379 4
1358 481 3
1358 677 3
1358 933 3
1358 1190 6
1358 1229 4
1358 1269 12
1358 1458 8
1358 1794 3
1358 1864 3
1358 1886 3
1358 2086 4
1361 68 4
1361 82 5
1361 160 3
1361 216 4
1361 267 3
1361 301 5
1361 337 5
1361 456 13
1361 554 5
1361 579 5
1361 583 10
1361 622 5
1361 851 3
1361 978 4
1361 1054 6
1361 1123 5
1361 1288 4
1361 1807 5
1361 1818 4
1361 1993 5
1361 2087 4
1361 2104 5
1361 2213 5
1361 2271 5
1362 728 3
1362 1860 3
1363 890 4
1364 2020 3
1365 491 9
1365 1432 7
1365 1561 4
1365 1983 9
1366 519 3
1366 573 5
1366 620 3
1366 916 3
1366 1055 3
1366 1529 3
1366 1555 3
1366 1603 4
1366 1643 3
1366 1666 3
1366 2011 3
1366 2136 3
1366 2232 3
1366 2255 5
1367 373 10
1368 851 3
1369 291 9
1369 2108 3
1370 1338 3
1372 633 12
1372 1484 6
1372 2013 3
1373 337 5
1373 1564 3
1373 2271 4
1374 988 3
1374 1171 5
1374 1503 4
1377 701 4
1379 1063 7
1380 2287 3
1381 179 4
1381 669 4
1381 1605 3
1382 2156 4
1384 114 6
1384 311 5
1384 735 4
1384 822 7
1384 1977 9
1384 2111 5
1384 2291 7
1388 506 5
1388 508 8
1388 1253 6
1388 1587 9
1390 1781 5
1394 403 4
1394 1405 6
1395 230 3
1395 525 4
1396 564 4
1396 855 4
1396 1285 4
1396 1620 3
1396 1703 8
1396 1785 14
1396 2288 4
1398 189 3
1398 441 4
1400 5 3
1400 964 5
1400 1027 5
1400 1336 5
1400 1565 4
1400 1630 7
1400 2054 12
1401 853 11
1401 1294 5
1402 1557 4
1403 1877 5
1404 235 7
1405 764 7
1405 1025 9
1406 325 3
1406 333 3
1406 866 3
1406 1226 3
1406 1461 5
1406 1471 3
1406 1747 3
1406 1757 3
1406 2089 4
1406 2143 3
1406 2300 3
1407 132 3
1407 891 7
1407 1805 4
1408 574 4
1408 640 3
1410 215 5
1410 748 5
1410 1436 4
1410 1501 10
1412 257 3
1413 448 5
1413 817 18
1413 820 11
1413 2030 21
1413 2206 7
1415 1328 3
1417 448 4
1418 1887 3
1420 1448 4
1421 901 7
1422 855 5
1422 1703 6
1423 774 4
1423 893 3
1423 1055 3
1424 1006 5
1425 914 7
1426 474 8
1426 1365 6
1426 1432 9
1426 1561 5
1430 759 8
1430 1096 11
1430 1219 13
1430 2046 7
1430 2267 14
1432 1561 6
1434 1130 3
1434 2221 8
1435 9 6
1435 94 3
1435 164 9
1435 408 3
1435 489 3
1435 512 3
1435 519 4
1435 589 4
1435 620 3
1435 732 4
1435 916 6
1435 938 7
1435 1013 3
1435 1120 3
1435 1127 7
1435 1166 4
1435 1337 5
1435 1366 4
1435 1449 3
1435 1479 3
1435 1499 3
1435 1529 3
1435 1555 4
1435 1666 4
1435 1779 6
1435 1786 4
1435 2021 6
1435 2056 7
1435 2136 4
1435 2250 6
1438 140 3
1438 527 3
1438 1015 7
1438 1107 4
1438 1329 6
1438 2072 6
1438 2110 8
1438 2189 5
1438 2247 4
1439 323 7
1439 559 4
1439 1246 5
1440 171 5
1440 621 5
1440 1361 5
1440 1554 6
1440 1755 6
1440 1799 7
1441 138 9
1441 203 4
1441 601 8
1441 788 3
1441 923 13
1441 1104 9
1441 1667 7
1441 1727 5
1441 1885 6
1442 462 7
1442 689 7
1442 1444 5
1442 1543 6
1442 1682 6
1442 1838 6
1444 689 4
1450 169 4
1450 557 5
1450 637 7
1450 712 8
1450 750 5
1450 887 3
1450 959 6
1450 1041 3
1450 1196 5
1450 1256 6
1450 1758 6
1450 1859 17
1450 1932 5
1450 2145 6
1450 2310 5
1452 1641 11
1454 181 5
1454 262 5
1454 480 4
1454 822 5
1454 996 5
1454 1081 5
1454 1115 6
1454 1544 7
1454 1780 5
1454 1907 9
1456 159 4
1456 651 13
1456 1250 14
1457 659 3
1458 366 5
1458 560 5
1458 640 3
1458 1986 3
1458 2069 3
1458 2163 3
1458 2282 3
1460 848 4
1462 1847 3
1463 520 4
1463 785 5
1465 749 3
1465 1429 4
1465 2195 4
1466 217 5
1466 1337 9
1467 1852 3
1469 958 5
1469 1023 9
1469 1235 7
1469 1677 13
1470 349 4
1471 188 6
1475 1059 4
1475 1110 8
1475 1229 10
1475 1321 4
1475 2273 3
1477 2306 9
1478 78 10
1478 514 12
1478 875 4
1478 908 5
1478 1234 4
1478 1309 8
1478 1316 13
1478 2020 3
1478 2248 6
1480 1337 3
1480 2032 4
1480 2304 6
1482 152 3
1482 365 9
1482 521 3
1482 973 3
1482 1190 3
1482 1822 4
1482 2129 11
1483 699 6
1485 172 3
1485 1264 3
1485 1396 7
1485 1785 5
1486 82 4
1486 456 3
1486 1123 5
1486 1361 7
1486 1564 3
1486 1661 3
1486 1818 8
1486 2187 12
1486 2213 18
1486 2264 4
1486 2271 3
1487 662 3
1489 506 3
1489 1035 4
1490 144 4
1490 345 3
1490 455 7
1490 591 6
1490 1190 11
1490 1331 4
1490 1502 3
1491 1172 4
1491 2208 6
1492 1577 3
1495 1851 3
1496 5 7
1496 952 5
1496 964 5
1496 1027 8
1496 1400 3
1496 1533 3
1496 1565 5
1496 1630 5
1497 82 4
1497 160 3
1497 171 4
1497 456 3
1497 621 3
1497 851 3
1497 1192 6
1497 1198 6
1497 1440 6
1497 1554 5
1497 1755 7
1497 1799 5
1497 1985 4
1497 2104 4
1498 1076 4
1498 1410 5
1498 1501 5
1498 2045 5
1500 258 4
1501 181 6
1501 215 6
1501 417 3
1501 486 5
1501 748 3
1501 1436 3
1501 2275 6
1502 144 3
1502 1034 3
1502 1331 4
1502 2259 5
1504 342 9
1505 276 3
1505 1175 17
1505 1302 9
1506 417 3
1506 895 5
1506 1301 3
1506 1376 5
1507 737 8
1507 1853 4
1507 2025 4
1508 1870 5
1509 222 5
1511 277 6
1511 301 3
1511 361 7
1511 554 14
1511 579 9
1511 792 5
1511 831 6
1511 847 3
1511 1682 3
1511 1992 3
1511 2264 5
1512 513 3
1512 571 9
1512 759 4
1512 1648 7
1512 1987 10
1512 2046 3
1513 962 3
1513 1348 6
1514 1870 3
1515 1159 5
1516 111 3
1516 1716 4
1517 152 4
1517 895 3
1517 1376 3
1518 422 3
1519 382 5
1520 397 5
1520 2052 5
1523 331 6
1525 958 19
1525 1144 17
1525 1469 3
1525 1677 17
1525 2161 19
1527 614 7
1528 1095 8
1528 2271 7
1532 819 3
1532 1082 7
1532 1978 5
1534 1927 3
1535 366 6
1535 1458 4
1535 1776 6
1536 633 5
1536 1372 9
1537 2245 3
1539 1134 4
1540 555 3
1541 1063 4
1542 25 3
1542 98 4
1542 133 3
1542 156 4
1542 593 4
1542 684 4
1542 729 4
1542 747 4
1542 877 4
1542 972 4
1542 1241 3
1542 1318 3
1542 1349 5
1542 1530 4
1542 1693 4
1542 1722 3
1542 1797 4
1542 2270 4
1543 1444 4
1544 181 5
1544 1115 6
1544 1874 3
1545 1044 3
1545 1790 4
1547 847 7
1548 452 5
1548 934 3
1548 946 7
1548 2281 3
1551 178 4
1551 851 7
1552 478 5
1552 572 3
1553 527 3
1553 693 4
1553 1324 4
1553 2141 3
1553 2168 3
1553 2219 3
1553 2247 3
1553 2277 5
1554 171 5
1554 621 4
1554 1803 3
1554 2104 3
1559 1035 3
1559 1489 4
1564 82 3
1564 178 3
1564 1528 3
1564 2264 3
1564 2271 3
1565 5 4
1565 666 5
1566 607 5
1566 1584 3
1568 1029 4
1570 1851 4
1571 1077 8
1572 860 4
1573 662 4
1573 1487 3
1575 249 6
1575 286 3
1575 1299 4
1575 1328 4
1575 2172 5
1575 2254 3
1576 66 4
1576 1040 4
1576 1762 6
1576 2256 6
1579 300 5
1579 1457 3
1580 199 3
1580 757 13
1580 772 3
1580 1820 3
1581 285 5
1581 2095 3
1581 2158 4
1582 284 6
1583 614 4
1583 675 3
1584 151 5
1584 562 3
1584 896 5
1584 1694 10
1584 1844 5
1585 1258 4
1586 1984 16
1589 462 5
1589 689 7
1589 1442 8
1589 1543 7
1589 1682 7
1589 1838 6
1590 611 4
1590 1782 3
1591 354 9
1591 359 3
1591 2226 5
1592 125 4
1592 237 3
1592 645 3
1592 661 4
1592 1118 3
1592 1136 5
1592 1559 3
1592 1579 3
1592 2296 3
1592 2304 3
1593 1719 8
1598 554 13
1598 1187 11
1598 1358 4
1598 1477 3
1598 1830 3
1598 1866 15
1598 2070 5
1598 2096 4
1598 2306 3
1599 1672 5
1600 631 3
1602 24 3
1602 144 5
1602 334 5
1602 1242 4
1602 2182 8
1604 381 5
1604 1070 4
1604 1310 6
1605 1723 15
1605 2295 4
1609 1209 6
1610 855 4
1610 1703 4
1612 368 5
1612 431 4
1612 2157 4
1614 203 10
1614 1663 5
1615 576 3
1615 1304 3
1615 1312 4
1616 22 4
1617 12 12
1617 307 3
1617 315 3
1617 762 6
1617 899 3
1617 920 3
1617 1145 3
1617 1195 4
1617 1298 3
1617 1357 26
1617 1708 5
1617 2064 3
1618 565 6
1618 1949 8
1618 1998 8
1619 850 4
1620 179 4
1620 209 3
1620 426 3
1620 655 3
1620 677 5
1620 686 5
1620 793 13
1620 1242 3
1620 1381 3
1620 1668 5
1620 1804 5
1620 1891 3
1620 2188 7
1620 2226 3
1620 2235 3
1621 1638 3
1622 75 8
1623 152 3
1623 317 3
1623 726 3
1623 743 4
1623 848 3
1623 1819 3
1623 1835 3
1623 2143 3
1624 1015 5
1624 2072 3
1625 907 3
1626 1481 7
1627 740 3
1627 1334 3
1628 1184 3
1629 1546 3
1630 666 4
1630 964 8
1630 1027 6
1630 1212 10
1630 1336 10
1630 1533 3
1630 1565 5
1630 2054 15
1632 605 3
1635 1815 3
1637 812 3
1637 1044 8
1637 1545 5
1637 1621 3
1637 1638 4
1637 1790 6
1637 1812 3
1637 1922 3
1638 812 3
1639 936 4
1639 1130 4
1639 1434 5
1639 1769 5
1639 2221 4
1640 769 11
1640 899 7
1640 1298 3
1641 1124 3
1642 2017 5
1643 1597 3
1643 1666 7
1643 1786 3
1643 1816 3
1643 2232 7
1645 121 4
1645 130 6
1645 150 6
1645 247 7
1645 249 16
1645 272 4
1645 286 4
1645 692 4
1645 970 4
1645 1063 4
1645 1139 3
1645 1299 4
1645 1328 3
1645 1355 3
1645 1415 3
1645 1575 4
1645 1676 3
1645 1905 5
1645 2035 4
1645 2156 5
1645 2172 5
1646 1156 5
1646 1851 13
1647 385 5
1647 1223 6
1647 1633 4
1648 319 5
1648 513 3
1648 571 13
1648 759 5
1648 888 15
1648 1480 3
1648 1987 4
1649 1644 3
1650 39 8
1650 120 15
1650 152 3
1650 307 3
1650 417 3
1650 426 13
1650 502 12
1650 569 4
1650 725 9
1650 1005 10
1650 1780 11
1650 1798 12
1650 1882 9
1650 1959 7
1656 545 3
1661 178 3
1661 337 8
1661 950 3
1661 1123 5
1661 2264 4
1662 2037 7
1663 203 23
1664 1247 3
1664 1338 5
1664 1370 7
1664 1596 8
1664 1765 3
1666 9 3
1666 1816 4
1667 203 3
1667 458 5
1667 578 11
1667 601 4
1667 1104 4
1667 1727 5
1667 1934 5
1667 2107 6
1669 96 3
1669 1112 3
1670 65 3
1670 2106 5
1672 295 4
1672 958 4
1672 1567 5
1672 1583 3
1672 2101 4
1673 855 4
1673 1317 4
1673 1703 5
1675 1451 5
1676 1139 4
1676 1328 3
1676 1415 5
1677 1235 3
1677 2161 17
1678 1272 12
1678 2185 5
1679 1218 3
1680 313 5
1680 842 4
1681 97 3
1681 237 4
1681 259 4
1681 282 3
1681 1613 9
1681 1644 3
1681 1772 3
1681 1925 4
1681 2050 3
1681 2241 4
1682 462 5
1682 689 3
1682 1444 3
1682 1543 9
1682 1838 4
1684 1046 4
1686 1186 3
1687 2030 3
1688 230 4
1688 525 4
1688 723 4
1688 1395 3
1688 2112 8
1689 269 11
1690 392 23
1691 178 4
1691 337 6
1691 456 3
1691 851 3
1691 1311 3
1691 1551 3
1691 1661 11
1691 1818 3
1691 2087 3
1691 2213 3
1691 2271 5
1694 66 13
1694 151 8
1694 306 9
1694 541 5
1694 607 8
1694 896 3
1694 1230 3
1694 1249 3
1694 1844 6
1694 1959 3
1694 2077 3
1694 2249 10
1695 52 5
1695 141 7
1695 797 5
1695 951 8
1695 1952 6
1696 232 5
1696 1764 3
1697 901 4
1697 1421 8
1697 1636 4
1698 1491 6
1699 0 4
1699 2162 4
1702 85 5
1702 796 17
1702 1063 5
1703 61 5
1703 64 3
1703 1485 4
1703 1616 6
1703 1742 6
1703 2103 4
1705 343 10
1705 1785 3
1706 527 5
1706 782 9
1706 783 7
1706 1107 3
1706 1231 6
1706 1709 9
1706 1937 11
1706 1957 5
1706 2189 7
1706 2190 8
1706 2247 6
1707 605 15
1708 1730 5
1709 159 5
1709 431 3
1709 527 3
1709 755 3
1709 782 4
1709 783 23
1709 1231 4
1709 1937 5
1709 2189 3
1711 785 5
1712 152 3
1712 207 3
1712 706 3
1712 1763 3
1712 1891 9
1713 307 4
1713 924 7
1714 1967 7
1715 725 4
1716 111 5
1716 865 4
1716 1133 4
1717 573 5
1717 680 9
1717 824 10
1717 1366 8
1717 1603 7
1717 1643 5
1717 1666 4
1717 1779 4
1718 1458 4
1718 1734 15
1718 1774 15
1718 1986 17
1718 2282 11
1719 1981 4
1721 657 7
1721 1584 6
1721 1694 4
1723 40 6
1723 852 4
1723 1224 7
1723 1990 3
1723 2295 14
1724 547 20
1724 640 7
1724 790 5
1725 355 3
1726 866 8
1726 2161 4
1727 138 3
1727 203 6
1727 1885 4
1727 1934 4
1728 702 3
1731 276 5
1731 1175 7
1731 1302 4
1731 1505 6
1733 44 5
1733 82 5
1733 178 6
1733 267 3
1733 792 11
1733 851 6
1733 1123 4
1733 1551 6
1733 1661 3
1733 1755 3
1733 1901 5
1733 2104 4
1733 2264 4
1734 1774 9
1734 2282 9
1735 231 3
1735 573 3
1735 1127 4
1735 1555 4
1736 1272 7
1736 1678 9
1737 418 12
1737 1723 17
1737 2085 5
1741 2279 8
1742 855 4
1743 483 3
1743 1723 3
1745 18 26
1745 2160 3
1745 2186 8
1745 2269 6
1746 1087 6
1746 1741 9
1748 168 4
1748 351 10
1748 925 3
1748 1042 3
1748 1129 4
1748 1195 3
1748 1915 6
1748 2198 10
1748 2226 5
1749 496 9
1749 802 6
1749 862 9
1749 1550 9
1749 1911 3
1749 2202 8
1753 1605 5
1753 1723 3
1754 421 7
1754 795 6
1754 1867 5
1755 160 4
1755 171 6
1755 375 6
1755 499 6
1755 795 4
1755 851 3
1755 978 4
1755 1122 3
1755 1361 3
1755 1398 4
1755 1464 4
1755 1554 4
1755 1572 5
1755 1794 3
1755 1799 6
1755 1857 4
1755 1867 7
1755 1985 6
1755 2104 5
1756 118 16
1756 367 3
1756 499 19
1756 949 3
1756 1897 7
1756 1998 3
1756 2178 4
1756 2240 18
1757 1214 5
1758 1256 6
1759 848 3
1760 2158 8
1761 49 6
1761 1536 5
1762 122 3
1762 224 3
1762 484 3
1762 674 3
1762 710 3
1762 1226 3
1763 179 4
1763 754 3
1764 232 3
1764 251 4
1764 346 9
1764 1532 3
1764 1932 3
1764 1978 4
1764 2173 8
1766 875 8
1766 908 8
1766 1223 4
1766 1234 8
1766 1301 5
1766 1309 9
1766 2020 6
1766 2248 10
1768 170 3
1768 275 8
1768 346 3
1768 451 3
1768 555 3
1768 582 7
1768 819 7
1768 1082 11
1768 1308 4
1768 1321 3
1768 1796 16
1768 1989 6
1768 2166 7
1769 936 3
1769 1434 4
1769 2221 3
1771 30 10
1771 759 11
1771 1096 10
1771 1219 12
1771 1430 15
1771 2046 6
1771 2267 14
1772 327 4
1772 531 3
1772 2241 4
1773 1607 4
1775 20 6
1775 75 7
1775 1622 12
1776 1458 3
1778 468 4
1778 764 4
1778 1025 3
1778 1394 5
1779 94 3
1779 231 4
1779 390 4
1779 519 4
1779 573 6
1779 589 6
1779 699 4
1779 875 7
1779 908 6
1779 916 4
1779 938 6
1779 1055 3
1779 1120 3
1779 1234 4
1779 1333 3
1779 1335 6
1779 1337 4
1779 1366 6
1779 1479 3
1779 1555 4
1779 1603 4
1779 1643 4
1779 1786 4
1779 1833 5
1779 2011 3
1779 2020 6
1779 2027 3
1779 2056 6
1779 2136 4
1779 2232 4
1779 2262 3
1780 480 3
1780 996 3
1780 1115 4
1781 790 5
1781 1033 3
1782 1344 3
1784 98 3
1784 581 3
1784 593 3
1784 684 3
1784 729 3
1784 747 3
1784 877 3
1784 972 3
1784 1241 3
1784 1349 3
1784 1530 3
1784 1693 3
1784 1797 3
1784 2270 4
1785 64 3
1785 142 4
1785 152 3
1785 179 3
1785 245 3
1785 279 3
1785 317 5
1785 426 3
1785 442 5
1785 502 3
1785 505 3
1785 542 3
1785 655 7
1785 700 6
1785 724 7
1785 730 8
1785 760 4
1785 793 3
1785 811 7
1785 825 5
1785 848 3
1785 861 7
1785 873 3
1785 880 6
1785 979 4
1785 1004 8
1785 1005 3
1785 1242 5
1785 1252 4
1785 1285 4
1785 1289 3
1785 1317 5
1785 1381 4
1785 1422 7
1785 1598 3
1785 1610 6
1785 1616 5
1785 1620 5
1785 1673 6
1785 1703 13
1785 1712 4
1785 1742 4
1785 1750 4
1785 1763 4
1785 1798 3
1785 1804 6
1785 1889 3
1785 1891 4
1785 1917 7
1785 1970 5
1785 2063 3
1785 2103 6
1785 2188 5
1785 2235 8
1785 2253 4
1785 2288 6
1785 2314 3
1787 1814 5
1788 729 3
1789 499 6
1789 1011 4
1789 1358 3
1789 1756 5
1791 1053 6
1793 36 10
1793 580 13
1795 729 3
1796 931 4
1798 152 3
1798 181 4
1798 442 3
1798 521 5
1798 825 4
1798 973 5
1798 1109 3
1798 1321 5
1798 1780 3
1798 1957 3
1798 1959 3
1798 2235 3
1799 160 4
1799 621 4
1799 978 4
1799 1554 6
1799 2104 3
1800 510 9
1800 641 3
1800 1322 4
1800 1762 6
1800 2049 3
1800 2256 6
1801 953 11
1803 160 3
1803 178 3
1803 2058 4
1804 78 6
1804 521 8
1804 564 6
1804 903 6
1804 973 8
1804 1081 4
1804 1252 4
1804 1285 7
1804 1316 6
1804 1317 4
1804 1835 4
1805 891 3
1806 121 3
1806 130 4
1806 247 4
1806 249 5
1806 272 4
1806 286 3
1806 692 3
1806 970 3
1806 1139 3
1806 1328 4
1806 1575 5
1806 1905 4
1806 2035 5
1806 2065 3
1806 2156 4
1806 2172 3
1807 82 4
1807 160 3
1807 216 5
1807 301 6
1807 456 4
1807 554 4
1807 579 5
1807 1054 5
1807 1288 4
1807 1665 3
1807 2176 5
1808 1040 6
1808 1443 6
1809 141 3
1809 797 4
1809 2049 7
1809 2285 4
1810 1618 3
1810 2148 3
1812 1790 3
1813 966 6
1814 1344 3
1814 1378 6
1817 1375 7
1817 2061 8
1818 1123 3
1819 276 5
1819 404 6
1819 1175 8
1819 1302 6
1819 1505 6
1819 1731 7
1819 2242 6
1820 556 9
1824 982 6
1824 1145 4
1825 62 3
1825 144 3
1825 166 6
1825 250 5
1825 413 3
1825 1190 13
1825 1229 6
1825 1828 3
1825 2084 3
1825 2212 5
1825 2273 4
1826 73 6
1826 114 7
1826 181 7
1826 262 5
1826 311 14
1826 480 5
1826 996 7
1826 1074 7
1826 1081 4
1826 1115 5
1826 1454 12
1826 1544 4
1826 1780 5
1827 527 3
1827 549 8
1827 693 5
1827 1324 8
1827 1329 7
1827 1553 5
1827 2189 4
1827 2219 6
1827 2277 3
1827 2294 3
1828 1864 3
1829 1101 3
1832 1112 3
1834 1014 5
1834 2284 4
1835 152 5
1835 388 3
1835 677 4
1835 686 4
1835 903 3
1835 1188 5
1835 1668 3
1835 1889 3
1835 2082 3
1836 244 4
1836 1711 4
1837 235 3
1838 1543 4
1839 920 6
1840 108 4
1842 2290 5
1843 2243 4
1845 2027 4
1848 376 3
1849 462 8
1849 537 8
1849 689 6
1849 1442 10
1849 1444 8
1849 1543 9
1849 1589 8
1849 1682 5
1849 1838 11
1850 2132 3
1851 201 6
1851 756 4
1851 869 5
1851 956 3
1851 984 3
1851 1051 3
1851 1156 15
1851 1181 3
1851 1235 3
1851 1685 3
1851 1936 4
1851 2026 7
1854 738 8
1856 958 29
1856 1144 3
1857 795 9
1857 930 6
1857 2131 3
1858 1730 8
1859 169 7
1859 232 3
1859 557 6
1859 637 8
1859 819 3
1859 959 8
1859 1196 6
1859 1256 6
1859 1758 4
1859 1932 6
1859 1989 11
1859 2145 6
1859 2310 9
1860 1341 6
1861 676 6
1861 982 3
1861 1244 5
1861 1338 3
1861 1629 12
1861 1953 3
1861 2033 8
1861 2170 8
1862 1116 6
1863 1391 3
1864 1229 3
1864 1291 9
1865 128 5
1865 179 3
1865 343 8
1865 535 6
1865 1705 12
1865 2002 7
1865 2223 4
1866 1857 5
1866 2070 6
1866 2096 4
1867 189 4
1867 1395 3
1867 1537 7
1867 1794 3
1867 1857 9
1867 1992 3
1867 2131 18
1867 2245 9
1868 310 8
1868 885 14
1868 1572 4
1869 145 5
1870 548 5
1872 237 7
1872 645 3
1872 661 3
1872 775 3
1872 834 4
1872 1168 4
1872 1437 3
1872 1681 3
1872 1772 3
1872 2241 3
1872 2296 3
1873 1191 4
1874 181 6
1874 480 3
1874 1081 3
1874 1115 4
1874 1454 4
1874 1780 3
1874 1826 4
1875 1123 4
1878 203 4
1879 50 3
1879 70 7
1879 143 8
1879 365 3
1879 625 6
1879 1063 13
1879 2088 6
1879 2128 16
1880 627 7
1880 1137 11
1880 1713 4
1880 2051 7
1881 307 4
1881 348 9
1881 417 5
1881 779 23
1881 1089 19
1882 120 6
1882 162 7
1882 426 8
1882 502 5
1882 725 6
1882 1005 6
1882 1798 8
1883 889 4
1885 138 5
1885 458 4
1885 578 5
1885 601 5
1885 635 5
1885 990 4
1885 1104 5
1885 1667 4
1886 667 8
1886 981 3
1886 1510 3
1887 1996 7
1888 1372 4
1889 120 5
1889 426 4
1889 686 4
1889 825 3
1889 1321 4
1889 1493 3
1889 1668 3
1889 1804 3
1889 2080 3
1889 2159 3
1889 2195 3
1894 269 12
1894 648 4
1894 1689 5
1895 2030 3
1896 62 4
1896 144 5
1896 250 4
1896 769 4
1896 899 4
1896 1011 4
1896 1229 6
1896 2084 4
1896 2086 3
1897 933 3
1897 967 3
1897 1305 3
1897 1681 4
1897 2148 3
1897 2313 3
1898 2005 3
1900 2125 5
1901 44 11
1901 82 3
1902 274 6
1902 2030 3
1903 184 8
1904 2162 11
1905 150 5
1905 286 3
1905 1328 5
1905 1575 5
1905 2156 4
1906 261 7
1906 786 4
1906 1102 18
1906 1959 5
1907 54 8
1907 181 13
1907 311 12
1907 480 10
1907 569 4
1907 628 5
1907 996 11
1907 1081 10
1907 1115 10
1907 1355 17
1907 1544 9
1907 1780 8
1907 1826 12
1907 1874 5
1907 2111 15
1908 92 3
1908 289 5
1909 194 4
1909 317 3
1909 514 3
1909 848 3
1909 1835 3
1910 120 6
1910 428 10
1910 749 7
1910 1223 4
1910 1277 8
1910 1429 6
1910 1633 3
1910 1959 4
1910 2159 5
1910 2195 4
1911 802 4
1913 907 3
1914 310 4
1916 967 14
1916 1305 13
1916 1998 3
1916 2313 4
1917 148 4
1917 855 4
1917 1703 4
1918 268 4
1918 1083 15
1920 1312 6
1921 2174 5
1922 1044 4
1922 1790 3
1924 1631 4
1925 32 3
1925 97 3
1925 196 3
1925 212 3
1925 231 5
1925 506 4
1925 531 3
1925 654 5
1925 661 4
1925 1035 4
1925 1155 3
1925 1337 3
1925 1437 3
1925 1534 4
1925 1559 3
1925 1592 3
1925 1644 3
1925 1935 3
1925 2059 4
1925 2241 4
1925 2268 3
1925 2304 4
1926 61 4
1926 381 7
1926 944 4
1926 997 11
1926 1086 3
1926 1227 5
1926 1310 4
1926 1604 8
1926 2231 4
1927 9 3
1927 32 3
1927 125 4
1927 196 4
1927 237 5
1927 299 3
1927 309 4
1927 327 4
1927 531 3
1927 654 3
1927 661 4
1927 775 4
1927 814 3
1927 1035 5
1927 1062 4
1927 1118 3
1927 1155 4
1927 1168 5
1927 1555 3
1927 1644 3
1927 1681 3
1927 1872 4
1927 1925 8
1927 2241 4
1927 2268 4
1927 2296 4
1931 130 5
1931 247 6
1931 249 5
1931 272 4
1931 286 3
1931 692 7
1931 970 3
1931 1299 3
1931 1328 3
1931 1575 8
1931 1905 5
1931 2065 6
1931 2156 4
1931 2172 4
1933 219 3
1934 138 5
1934 578 4
1934 635 5
1934 1104 7
1934 1702 7
1934 1885 4
1936 71 11
1936 1059 5
1936 2028 4
1936 2157 3
1937 1107 4
1937 1934 5
1939 1191 3
1941 454 6
1942 1445 4
1944 1671 3
1945 6 4
1945 1141 5
1945 1971 4
1946 605 12
1946 1632 6
1946 1707 19
1947 248 3
1947 848 7
1947 1188 4
1949 118 4
1949 1998 10
1950 974 3
1950 1001 3
1951 230 5
1951 525 4
1951 1395 3
1951 1688 4
1952 52 3
1952 797 3
1954 23 3
1954 152 6
1954 341 3
1954 388 3
1954 414 3
1954 426 3
1954 521 4
1954 677 3
1954 686 3
1954 785 3
1954 973 4
1954 991 4
1954 1063 9
1954 1316 3
1954 1706 3
1954 1791 4
1954 1798 4
1954 1804 4
1954 1937 4
1954 2103 3
1957 782 3
1957 783 4
1957 1063 3
1957 1107 3
1957 1709 3
1957 1937 4
1957 2190 3
1959 4 7
1959 454 3
1959 532 24
1959 602 7
1959 1429 3
1959 1678 3
1960 700 4
1960 979 8
1960 1194 4
1960 1285 4
1960 1317 4
1960 2253 5
1961 1281 6
1964 1958 5
1968 815 5
1968 1974 4
1969 785 3
1969 1232 4
1969 1711 4
1969 1929 4
1969 2279 11
1970 142 3
1970 144 4
1970 152 3
1970 179 3
1970 334 6
1970 442 5
1970 503 3
1970 542 3
1970 655 5
1970 700 4
1970 722 3
1970 743 4
1970 793 3
1970 825 4
1970 826 4
1970 1004 5
1970 1082 4
1970 1103 3
1970 1190 5
1970 1201 6
1970 1242 5
1970 1252 6
1970 1269 4
1970 1358 4
1970 1381 3
1970 1584 3
1970 1600 3
1970 1616 3
1970 1620 4
1970 1712 3
1970 1750 3
1970 1762 4
1970 1763 3
1970 1891 3
1970 1896 4
1970 2103 4
1970 2205 6
1970 2235 7
1970 2239 3
1970 2309 3
1970 2314 3
1972 184 7
1972 357 3
1972 483 6
1972 520 5
1972 539 4
1972 785 5
1972 1463 6
1973 382 3
1973 1883 11
1974 897 5
1974 1853 3
1975 1264 4
1975 1485 3
1975 1960 10
1976 1258 3
1977 73 15
1977 114 13
1977 262 9
1977 311 20
1977 735 17
1977 822 11
1977 1074 16
1977 1355 4
1977 1454 17
1977 1826 14
1977 2111 19
1977 2291 8
1978 35 3
1978 1330 3
1978 1696 3
1978 2173 6
1979 946 4
1979 1548 3
1982 1582 8
1983 474 8
1983 607 4
1983 1426 5
1983 1432 9
1983 1561 7
1983 1694 3
1985 82 3
1985 135 5
1985 621 4
1985 1440 7
1985 1554 4
1985 1799 6
1985 2104 3
1986 1734 9
1986 1774 18
1988 2066 10
1989 232 4
1989 251 4
1989 346 6
1989 451 7
1989 555 5
1989 936 6
1989 1248 6
1989 1308 4
1989 1330 4
1989 1532 3
1989 1540 5
1989 1696 4
1989 1764 4
1989 1978 4
1989 2173 11
1992 189 3
1992 422 3
1992 489 3
1992 897 4
1992 1477 7
1992 1598 6
1992 1866 5
1992 2122 4
1992 2150 3
1992 2306 4
1994 255 8
1995 23 5
1998 367 12
1999 2167 6
2000 1831 4
2002 927 6
2002 1705 3
2004 1199 4
2006 259 4
2006 1480 4
2006 1997 3
2007 512 3
2007 573 5
2007 589 3
2007 680 3
2007 916 3
2007 1337 3
2007 1366 5
2007 1449 3
2007 1466 3
2007 1555 4
2007 1643 3
2007 1666 3
2007 1786 3
2007 2056 3
2007 2232 3
2007 2255 3
2009 463 3
2010 38 3
2010 318 8
2010 1494 4
2010 1556 6
2010 1883 4
2010 1973 4
2012 527 3
2012 549 7
2012 693 5
2012 1324 5
2012 1329 5
2012 1553 6
2012 1827 6
2012 2141 3
2012 2189 4
2012 2219 3
2012 2247 4
2012 2277 5
2013 3 5
2014 743 3
2014 884 4
2015 424 10
2015 1310 3
2015 1926 3
2018 1101 3
2018 1235 8
2019 241 3
2019 486 7
2019 608 6
2019 630 5
2019 672 4
2019 919 4
2019 955 7
2019 1161 5
2019 1284 6
2019 1410 4
2019 1501 4
2019 2042 4
2019 2275 6
2022 787 4
2022 2158 6
2023 136 3
2023 197 4
2023 336 3
2023 545 3
2023 876 3
2023 974 3
2023 1001 3
2023 1022 3
2023 1094 3
2023 1150 4
2023 1245 3
2023 1428 4
2023 1656 3
2023 1744 3
2023 1767 3
2023 1950 4
2024 232 6
2024 251 3
2024 346 10
2024 451 5
2024 555 4
2024 819 6
2024 936 12
2024 1248 10
2024 1308 4
2024 1532 5
2024 1540 4
2024 1696 8
2024 1764 9
2024 1978 4
2024 1989 6
2024 2309 4
2025 737 9
2026 756 7
2026 869 8
2026 984 4
2026 1538 3
2028 368 4
2029 432 6
2030 448 7
2030 817 27
2030 820 10
2030 971 4
2030 1145 3
2030 1748 5
2030 2113 6
2030 2206 7
2032 319 6
2032 571 12
2032 1068 17
2032 1512 10
2032 1648 22
2032 1987 6
2035 121 5
2035 247 8
2035 272 3
2035 692 4
2035 1063 3
2035 1299 4
2035 1575 5
2035 1905 4
2035 2156 3
2036 281 3
2038 152 3
2038 426 3
2038 677 3
2038 686 3
2038 1053 5
2038 1791 6
2039 97 3
2040 1344 3
2040 1721 3
2042 1284 3
2043 727 3
2043 1646 3
2044 308 6
2045 215 7
2045 486 5
2045 748 6
2045 1410 10
2045 1501 10
2045 2019 3
2045 2275 6
2046 1648 11
2047 1563 3
2048 968 3
2049 352 8
2049 510 4
2049 926 6
2049 1558 4
2049 2127 3
2050 154 3
2050 499 4
2050 1025 5
2050 1072 3
2050 1166 5
2050 1218 5
2050 1756 5
2050 1789 8
2051 1137 6
2053 349 4
2054 5 10
2054 952 10
2054 964 13
2054 1027 13
2054 1212 17
2054 1336 16
2054 1496 8
2054 1533 7
2054 1565 11
2056 9 3
2056 94 3
2056 573 3
2056 620 3
2056 680 3
2056 916 3
2056 938 8
2056 1055 3
2056 1120 3
2056 1335 4
2056 1337 3
2056 1366 5
2056 1449 3
2056 1529 3
2056 1555 3
2056 1603 3
2056 1643 4
2056 1666 3
2056 1786 3
2056 2136 3
2056 2232 3
2056 2262 3
2058 82 3
2058 216 3
2058 301 3
2058 337 3
2058 621 3
2058 1554 3
2058 1799 3
2058 2104 3
2059 97 3
2059 1644 3
2061 45 3
2061 1375 3
2062 698 10
2062 715 8
2063 152 3
2063 248 8
2063 317 14
2063 341 8
2063 350 12
2063 388 3
2063 467 10
2063 502 10
2063 686 3
2063 848 19
2063 1093 8
2063 1188 9
2063 1668 3
2063 1804 3
2063 1835 11
2063 1889 3
2063 1947 5
2064 1328 4
2065 121 14
2065 130 9
2065 150 4
2065 249 8
2065 272 4
2065 286 5
2065 692 14
2065 1299 4
2065 1328 6
2065 1355 3
2065 1415 3
2065 1575 5
2065 1645 6
2065 1676 3
2065 1905 6
2065 2035 6
2065 2156 6
2065 2172 9
2066 2130 5
2067 685 4
2068 812 8
2068 1044 14
2068 1545 9
2068 1621 9
2068 1637 17
2068 1638 16
2068 1790 18
2068 1812 8
2068 1922 11
2069 117 8
2069 250 10
2069 1190 4
2069 1339 3
2069 2084 7
2070 817 6
2070 847 6
2070 1547 3
2071 117 6
2071 124 5
2071 1339 11
2071 1617 3
2071 2069 7
2071 2118 4
2072 527 3
2072 2141 3
2072 2247 3
2075 1010 5
2075 1311 5
2075 1359 12
2075 1361 3
2076 1191 6
2077 1446 4
2077 1757 3
2079 2092 9
2081 510 5
2082 1017 7
2082 1616 4
2082 1750 4
2082 1851 6
2082 1915 4
2082 1961 7
2082 2086 3
2082 2226 3
2083 907 4
2083 1913 8
2084 233 4
2084 334 4
2084 973 3
2084 1229 5
2084 1475 4
2085 418 14
2085 1723 3
2086 34 4
2086 315 4
2086 440 3
2086 623 3
2086 632 3
2086 829 8
2086 1059 6
2086 1482 3
2086 1531 3
2086 2309 3
2087 337 3
2087 456 3
2087 1123 3
2088 74 7
2089 679 4
2090 640 5
2092 1491 4
2092 1698 7
2093 452 3
2093 1723 4
2093 1990 4
2094 1447 3
2096 767 3
2096 847 14
2096 1547 12
2096 1992 3
2097 1514 5
2098 1828 6
2101 614 14
2102 767 3
2103 142 3
2103 152 5
2103 179 3
2103 388 3
2103 426 3
2103 502 3
2103 677 4
2103 686 4
2103 825 3
2103 838 3
2103 991 3
2103 1258 3
2103 1289 3
2103 1338 3
2103 1381 3
2103 1620 3
2103 1668 3
2103 1712 4
2103 1889 3
2103 1909 3
2103 2172 3
2103 2203 3
2103 2314 3
2104 82 4
2105 111 3
2105 865 5
2105 1716 4
2107 138 6
2107 203 8
2107 578 5
2107 601 6
2107 990 4
2107 1104 5
2107 1441 6
2107 1727 6
2107 1885 7
2107 1934 4
2107 2117 3
2109 203 4
2110 140 3
2110 527 4
2110 632 5
2110 776 9
2110 1015 13
2110 1107 4
2110 1329 11
2110 2072 10
2110 2189 10
2110 2247 9
2111 73 8
2111 114 10
2111 181 6
2111 480 6
2111 996 8
2111 1081 8
2111 1115 7
2111 1299 3
2111 1355 13
2111 1454 12
2111 1544 6
2111 1826 13
2111 1874 5
2112 230 5
2112 525 6
2112 723 6
2112 1951 6
2113 434 4
2113 1413 7
2113 2206 6
2115 1574 7
2116 365 4
2116 1082 3
2116 1482 3
2116 1768 9
2116 2129 8
2116 2166 3
2117 138 3
2117 601 4
2117 612 20
2117 923 4
2117 1104 3
2118 117 3
2118 1201 9
2119 2158 7
2120 376 3
2120 1099 4
2120 1387 4
2123 1075 10
2124 186 3
2124 986 4
2124 1963 4
2125 1473 16
2126 207 3
2126 1580 7
2128 773 3
2129 43 5
2129 86 7
2129 828 16
2129 1303 14
2129 1822 13
2129 2227 5
2130 1988 5
2131 189 4
2131 603 3
2131 795 6
2131 1755 4
2131 1992 5
2131 2034 3
2132 1455 3
2133 356 8
2133 787 6
2133 911 6
2133 967 8
2133 1018 3
2133 1305 5
2133 1916 11
2133 2022 13
2133 2158 4
2135 926 4
2137 1309 4
2139 2069 4
2140 142 3
2140 655 4
2140 825 5
2140 1004 6
2140 1082 3
2140 1242 4
2140 1381 3
2140 1620 3
2140 1891 3
2140 2188 4
2140 2235 5
2141 693 4
2141 1015 5
2141 1107 3
2141 1438 3
2141 2110 3
2142 203 11
2142 1244 3
2143 2203 6
2144 900 5
2144 1087 7
2144 1741 10
2144 1746 8
2144 2228 8
2144 2279 7
2145 557 4
2145 637 5
2145 887 3
2145 959 7
2145 1256 4
2145 1611 3
2145 1932 4
2145 2310 4
2147 8 5
2147 807 8
2149 993 6
2152 1063 4
2153 978 3
2153 2104 3
2154 499 11
2155 486 5
2155 500 4
2155 608 4
2155 630 5
2155 672 5
2155 919 5
2155 1284 7
2155 2019 3
2155 2138 3
2155 2251 4
2155 2275 5
2156 415 14
2156 435 6
2156 692 3
2156 970 3
2156 1328 8
2156 1415 3
2156 1575 7
2157 71 9
2157 2069 4
2158 285 17
2158 787 8
2158 1018 3
2158 1412 8
2159 1429 5
2159 1465 4
2159 2195 14
2160 144 3
2160 334 3
2160 1320 6
2160 1383 8
2160 1825 4
2160 2069 10
2161 60 6
2161 687 10
2161 958 5
2161 1023 9
2161 1235 3
2161 1261 8
2161 1469 3
2161 2018 5
2163 560 6
2164 696 3
2164 1825 7
2166 1082 4
2168 549 5
2168 693 4
2168 1324 3
2168 1329 3
2168 1827 4
2168 2012 6
2168 2219 3
2168 2277 3
2169 435 3
2169 980 8
2169 2261 8
2171 883 10
2171 1137 10
2171 1880 8
2171 2051 9
2171 2298 9
2172 121 4
2172 150 3
2172 272 8
2172 677 3
2172 686 3
2172 692 9
2172 725 3
2172 970 3
2172 1299 3
2172 1355 3
2172 1905 7
2172 2035 3
2172 2086 3
2173 232 9
2173 251 4
2173 346 5
2173 451 4
2173 555 3
2173 1308 4
2173 1540 4
2173 1696 6
2173 1859 7
2173 1932 3
2173 2024 8
2176 82 4
2176 216 3
2176 301 3
2176 968 7
2176 1054 4
2176 1288 3
2176 2048 4
2177 185 13
2177 296 6
2177 1202 4
2178 1305 3
2178 1681 3
2180 1690 3
2181 1313 6
2181 1409 4
2183 459 3
2183 1356 5
2183 2069 3
2183 2273 6
2184 642 8
2185 1272 3
2185 1736 3
2187 1361 3
2188 179 3
2189 623 3
2189 755 3
2189 783 3
2189 1015 5
2189 1063 13
2189 1231 5
2189 1553 3
2189 1937 5
2189 1957 3
2189 2072 5
2189 2141 3
2189 2247 4
2189 2291 5
2190 527 4
2190 623 5
2190 755 5
2190 782 4
2190 783 7
2190 1063 9
2190 1107 3
2190 1231 5
2190 1709 6
2190 1937 7
2190 2189 7
2190 2247 7
2190 2291 5
2194 200 5
2195 120 4
2195 1429 4
2195 1959 3
2196 520 9
2196 539 18
2196 785 8
2196 1463 5
2197 777 4
2198 1042 4
2198 1129 7
2198 1915 6
2198 2226 4
2199 403 4
2199 468 10
2199 764 14
2199 794 4
2199 1394 10
2199 1405 21
2199 1778 6
2199 2254 3
2200 70 3
2200 78 12
2200 105 3
2200 122 3
2200 152 9
2200 163 3
2200 208 3
2200 240 3
2200 248 4
2200 263 4
2200 317 6
2200 341 4
2200 358 3
2200 360 3
2200 368 3
2200 388 6
2200 426 3
2200 484 3
2200 514 11
2200 544 3
2200 623 4
2200 677 7
2200 686 7
2200 697 4
2200 785 3
2200 848 3
2200 855 4
2200 900 3
2200 903 3
2200 908 3
2200 969 4
2200 991 4
2200 992 5
2200 1036 4
2200 1063 4
2200 1093 4
2200 1139 3
2200 1145 3
2200 1190 3
2200 1234 3
2200 1288 4
2200 1309 8
2200 1316 13
2200 1334 3
2200 1347 3
2200 1394 4
2200 1478 11
2200 1482 5
2200 1518 4
2200 1598 4
2200 1623 3
2200 1651 3
2200 1668 6
2200 1700 4
2200 1714 3
2200 1804 6
2200 1835 4
2200 1889 6
2200 1940 3
2200 1943 3
2200 1945 3
2200 1952 3
2200 1954 8
2200 1967 3
2200 1992 3
2200 2020 3
2200 2028 3
2200 2062 4
2200 2086 4
2200 2099 3
2200 2156 3
2200 2172 4
2200 2258 3
2200 2309 4
2203 11 4
2203 23 3
2203 152 4
2203 244 3
2203 293 4
2203 360 5
2203 388 3
2203 521 4
2203 663 4
2203 677 4
2203 686 4
2203 726 3
2203 743 5
2203 973 4
2203 1406 4
2203 1545 4
2203 1623 4
2203 1715 3
2203 1794 3
2203 1804 4
2203 1819 4
2203 1952 4
2204 1164 3
2204 1419 5
2205 62 8
2205 93 5
2205 173 4
2205 250 10
2205 334 8
2205 379 6
2205 674 4
2205 884 9
2205 913 4
2205 1110 3
2205 1182 6
2205 1190 7
2205 1201 7
2205 1242 5
2205 1291 5
2205 1358 3
2205 1420 9
2205 1458 4
2205 1770 4
2205 1864 4
2205 2014 4
2205 2069 4
2205 2084 4
2206 434 6
2207 253 4
2209 46 3
2209 198 3
2209 713 4
2209 1899 3
2210 175 6
2211 1825 6
2211 2273 3
2213 224 3
2213 337 3
2213 456 5
2213 1123 4
2213 1337 5
2213 1661 4
2213 1794 3
2213 1818 6
2213 1893 5
2213 1992 3
2213 2187 6
2214 928 6
2215 895 4
2215 1681 11
2216 1883 4
2216 1973 3
2218 348 5
2218 1881 7
2219 693 3
2220 1657 4
2224 220 3
2226 493 8
2226 1737 4
2228 987 9
2228 1087 7
2228 1741 10
2228 1746 6
2230 12 6
2230 957 15
2231 997 5
2232 231 3
2232 519 3
2232 1185 3
2232 1666 6
2233 640 4
2233 2090 8
2234 2225 3
2235 655 8
2235 700 4
2235 724 4
2235 745 4
2235 760 7
2235 825 5
2235 855 4
2235 899 4
2235 979 5
2235 1004 6
2235 1042 4
2235 1103 4
2235 1190 4
2235 1208 3
2235 1242 8
2235 1252 5
2235 1317 4
2235 1343 3
2235 1357 5
2235 1640 4
2235 1750 5
2235 1762 4
2235 1874 4
2235 1992 3
2235 2103 5
2235 2205 6
2235 2288 3
2236 269 9
2236 648 4
2236 1689 7
2236 1894 5
2236 2165 3
2237 1468 3
2239 280 6
2239 430 5
2239 907 4
2240 118 3
2241 327 9
2241 531 3
2241 1534 3
2242 276 5
2242 1175 7
2242 1302 6
2242 1731 3
2243 1861 11
2243 2033 3
2245 795 4
2246 1841 4
2247 1937 6
2248 417 4
2248 875 4
2248 908 5
2248 1234 4
2248 2020 3
2248 2063 3
2249 607 4
2250 164 5
2251 241 5
2251 486 5
2251 608 7
2251 955 8
2251 1284 7
2251 2019 7
2251 2042 3
2251 2275 6
2252 890 4
2253 152 4
2253 155 4
2253 388 3
2253 414 3
2253 442 3
2253 502 3
2253 677 4
2253 686 4
2253 825 3
2253 826 4
2253 991 3
2253 1338 3
2253 1381 3
2253 1620 3
2253 1668 3
2253 1712 3
2253 1804 3
2253 1889 3
2253 1909 3
2253 1992 3
2253 2103 6
2253 2172 3
2253 2235 3
2253 2314 3
2254 121 4
2254 249 4
2254 272 4
2254 388 3
2254 677 3
2254 686 4
2254 692 4
2254 970 5
2254 1668 3
2254 1889 3
2254 1905 6
2254 1931 4
2254 2065 3
2254 2156 3
2254 2172 5
2255 573 9
2255 589 4
2255 732 3
2255 1449 3
2255 1466 3
2255 1529 3
2255 1555 3
2255 1597 3
2255 1603 3
2255 1643 8
2255 1666 8
2255 1816 4
2255 2056 3
2255 2136 3
2255 2232 8
2256 29 7
2256 53 4
2256 84 4
2256 492 3
2256 710 3
2256 1050 8
2256 1226 5
2256 1244 3
2258 194 9
2258 763 11
2258 848 3
2258 1114 7
2258 1909 4
2259 1020 7
2260 364 4
2260 2061 5
2261 99 7
2261 445 7
2261 584 10
2261 946 3
2261 1190 4
2261 1334 7
2261 1379 4
2264 82 6
2264 160 5
2264 178 4
2264 217 3
2264 301 8
2264 361 4
2264 456 11
2264 554 6
2264 579 5
2264 831 4
2264 968 4
2264 978 6
2264 1054 7
2264 1123 4
2264 1187 5
2264 1288 9
2264 1361 18
2264 1665 5
2264 1755 3
2264 1803 3
2264 1807 7
2264 2048 5
2264 2058 4
2264 2104 6
2264 2153 3
2264 2213 4
2266 640 3
2267 30 7
2267 1096 10
2267 1219 13
2267 2046 4
2272 896 5
2273 613 3
2273 1058 3
2273 1190 6
2273 1321 3
2273 1956 5
2274 237 4
2274 259 3
2274 834 3
2274 1168 3
2274 1681 3
2274 1772 3
2274 1872 4
2274 1925 3
2274 2241 3
2275 215 3
2275 486 6
2275 1284 8
2275 1410 5
2277 693 3
2277 1324 3
2279 283 16
2279 950 8
2279 1711 9
2279 2228 3
2280 279 5
2280 2313 9
2282 1774 11
2282 1986 15
2283 1578 3
2285 206 4
2285 395 4
2285 2049 11
2288 855 5
2288 1042 3
2289 52 4
2289 141 7
2289 797 3
2289 1695 7
2289 1952 5
2289 2078 4
2290 392 3
2290 1411 3
2291 120 5
2291 249 3
2291 486 4
2291 748 3
2291 749 3
2291 783 3
2291 822 5
2291 1048 3
2291 1217 3
2291 1231 7
2291 1277 4
2291 1410 5
2291 1429 4
2291 1465 3
2291 1498 3
2291 1501 3
2291 1706 3
2291 1815 6
2291 1910 3
2291 1937 5
2291 1959 3
2291 2045 6
2291 2159 3
2291 2247 3
2292 668 6
2292 1607 7
2294 693 4
2295 547 6
2295 640 6
2298 830 4
2298 1137 5
2298 1880 7
2298 2051 9
2299 1319 3
2300 2311 4
2301 796 16
2301 1297 9
2303 1774 3
2305 906 6
2305 1177 7
2306 1644 3
2308 765 6
2309 232 4
2309 251 4
2309 346 5
2309 451 5
2309 819 5
2309 936 4
2309 1082 7
2309 1248 7
2309 1308 4
2309 1540 4
2309 1696 3
2309 1764 5
2309 1978 4
2309 1989 5
2310 637 5
2310 959 3
2310 1256 3
2310 1758 4
2311 866 4
2311 1214 3
2312 444 4
2312 629 4
2313 279 7
2313 1072 8
2313 2199 7
2314 179 4
2314 207 5
2314 1381 4
2314 1891 5
2315 540 3
2315 2297 3
